;----------------------------
; Start of FAR-2 Section / HDR Section
; Added by memo on 09/03/2012
; last edited by memo on 09/09/2012 {
;
; straight FAR-2 {
;
1,2,0,2,0
2,5,2,?,0,?
2,6,2,?,2,?
2,7,0,0,2,0
3,0,0x5f098000,0,0
3,7,0x5f098100,2,0
;
1,0,2,0,2
2,1,0,0,0,2
2,7,?,2,?,0
2,8,?,2,?,2
3,0,0x5f098000,1,0
3,1,0x5f098100,3,0
;
1,2,0,2,0
2,1,0,?,2,?
2,2,2,?,2,?
2,3,2,0,0,0
3,0,0x5f098000,2,0
3,3,0x5f098100,0,0
;
1,0,2,0,2
2,3,?,0,?,2
2,4,?,2,?,2
2,5,0,2,0,0
3,0,0x5f098000,3,0
3,5,0x5f098100,1,0
;
1,2,0,2,0
2,1,0,?,2,?
2,7,2,0,0,0
2,8,2,?,2,?
3,0,0x5f098000,0,1
3,7,0x5f098100,2,1
;
1,0,2,0,2
2,5,0,0,0,2
2,6,?,2,?,2
2,7,?,2,?,0
3,0,0x5f098000,1,1
3,5,0x5f098100,3,1
;
1,2,0,2,0
2,3,0,0,2,0
2,4,2,?,2,?
2,5,2,?,0,?
3,0,0x5f098000,2,1
3,3,0x5f098100,0,1
;
1,0,2,0,2
2,1,0,2,0,0
2,2,?,2,?,2
2,3,?,0,?,2
3,0,0x5f098000,3,1
3,1,0x5f098100,1,1
;}
; straight FAR-2 next to curve to diagonal {
;
1,2,0,2,0
2,5,2,0,0,0
2,6,2,0,13,0
2,7,0,0,2,0
3,0,0x5f098000,0,0
3,7,0x5f098100,2,0
;
1,0,2,0,2
2,1,0,0,0,2
2,7,0,2,0,0
2,8,0,2,0,13
3,0,0x5f098000,1,0
3,1,0x5f098100,3,0
;
1,2,0,2,0
2,1,0,0,2,0
2,2,13,0,2,0
2,3,2,0,0,0
3,0,0x5f098000,2,0
3,3,0x5f098100,0,0
;
1,0,2,0,2
2,3,0,0,0,2
2,4,0,13,0,2
2,5,0,2,0,0
3,0,0x5f098000,3,0
3,5,0x5f098100,1,0
;
1,2,0,2,0
2,1,0,0,2,0
2,7,2,0,0,0
2,8,11,0,2,0
3,0,0x5f098000,0,1
3,7,0x5f098100,2,1
;
1,0,2,0,2
2,5,0,0,0,2
2,6,0,2,0,11
2,7,0,2,0,0
3,0,0x5f098000,1,1
3,5,0x5f098100,3,1
;
1,2,0,2,0
2,3,0,0,2,0
2,4,2,0,11,0
2,5,2,0,0,0
3,0,0x5f098000,2,1
3,3,0x5f098100,0,1
;
1,0,2,0,2
2,1,0,2,0,0
2,2,0,11,0,2
2,3,0,0,0,2
3,0,0x5f098000,3,1
3,1,0x5f098100,1,1
;}
; FAR-2 to diagonal road curve {
;
1,2,0,13,0
2,1,0,?,2,?
2,2,2,?,2,?
2,3,2,0,0,0
2,5,13,0,0,1
3,0,0x5f098500,2,0
3,3,0x5f098100,0,0
3,5,0x5f098400,2,0
;
1,0,2,0,13
2,3,?,0,?,2
2,4,?,2,?,2
2,5,0,2,0,0
2,7,1,13,0,0
3,0,0x5f098500,3,0
3,5,0x5f098100,1,0
3,7,0x5f098400,3,0
;
1,13,0,2,0
2,1,0,1,13,0
2,5,2,?,0,?
2,6,2,?,2,?
2,7,0,0,2,0
3,0,0x5f098500,0,0
3,1,0x5f098400,0,0
3,7,0x5f098100,2,0
;
1,0,13,0,2
2,1,0,0,0,2
2,3,0,0,1,13
2,7,?,2,?,0
2,8,?,2,?,2
3,0,0x5f098500,1,0
3,1,0x5f098100,3,0
3,3,0x5f098400,1,0
;
1,11,0,2,0
2,1,0,0,11,3
2,3,0,0,2,0
2,4,2,?,2,?
2,5,2,?,0,?
3,0,0x5f098500,2,1
3,1,0x5f098400,2,1
3,3,0x5f098100,0,1
;
1,0,2,0,11
2,1,0,2,0,0
2,2,?,2,?,2
2,3,?,0,?,2
2,7,0,11,3,0
3,0,0x5f098500,3,1
3,1,0x5f098100,1,1
3,7,0x5f098400,3,1
;
1,2,0,11,0
2,1,0,?,2,?
2,5,11,3,0,0
2,7,2,0,0,0
2,8,2,?,2,?
3,0,0x5f098500,0,1
3,5,0x5f098400,0,1
3,7,0x5f098100,2,1
;
1,0,11,0,2
2,3,3,0,0,11
2,5,0,0,0,2
2,6,?,2,?,2
2,7,?,2,?,0
3,0,0x5f098500,1,1
3,3,0x5f098400,1,1
3,5,0x5f098100,3,1
;}
; FAR-2 x orthogonal road +-intersection {
;
1,2,2,2,2
2,5,2,0,0,0
2,6,2,0,2,0
2,7,0,2,2,2
3,0,0x5f098800,0,0
3,7,0x5f098900,0,0
;
1,2,2,2,2
2,1,2,0,2,2
2,7,0,2,0,0
2,8,0,2,0,2
3,0,0x5f098800,1,0
3,1,0x5f098900,1,0
;
1,2,2,2,2
2,1,0,0,2,0
2,2,2,0,2,0
2,3,2,2,0,2
3,0,0x5f098800,2,0
3,3,0x5f098900,2,0
;
1,2,2,2,2
2,3,0,0,0,2
2,4,0,2,0,2
2,5,2,2,2,0
3,0,0x5f098800,3,0
3,5,0x5f098900,3,0
;
1,2,2,2,2
2,1,0,0,2,0
2,7,2,2,0,2
2,8,2,0,2,0
3,0,0x5f098800,0,1
3,7,0x5f098900,0,1
;
1,2,2,2,2
2,5,2,0,2,2
2,6,0,2,0,2
2,7,0,2,0,0
3,0,0x5f098800,1,1
3,5,0x5f098900,1,1
;
1,2,2,2,2
2,3,0,2,2,2
2,4,2,0,2,0
2,5,2,0,0,0
3,0,0x5f098800,2,1
3,3,0x5f098900,2,1
;
1,2,2,2,2
2,1,2,2,2,0
2,2,0,2,0,2
2,3,0,0,0,2
3,0,0x5f098800,3,1
3,1,0x5f098900,3,1
;}
; FAR-2 x orthogonal road T-intersection south {
;
1,2,0,2,2
2,5,2,0,0,0
2,6,2,0,2,0
2,7,0,2,2,2
3,0,0x5f098a00,0,0
3,7,0x5f098900,0,0
;
1,2,2,0,2
2,1,2,0,2,2
2,7,0,2,0,0
2,8,0,2,0,2
3,0,0x5f098a00,1,0
3,1,0x5f098900,1,0
;
1,2,2,2,0
2,1,0,0,2,0
2,2,2,0,2,0
2,3,2,2,0,2
3,0,0x5f098a00,2,0
3,3,0x5f098900,2,0
;
1,0,2,2,2
2,3,0,0,0,2
2,4,0,2,0,2
2,5,2,2,2,0
3,0,0x5f098a00,3,0
3,5,0x5f098900,3,0
;
1,2,0,2,2
2,1,0,0,2,0
2,7,2,2,0,2
2,8,2,0,2,0
3,0,0x5f098a00,0,1
3,7,0x5f098900,0,1
;
1,0,2,2,2
2,5,2,0,2,2
2,6,0,2,0,2
2,7,0,2,0,0
3,0,0x5f098a00,1,1
3,5,0x5f098900,1,1
;
1,2,2,2,0
2,3,0,2,2,2
2,4,2,0,2,0
2,5,2,0,0,0
3,0,0x5f098a00,2,1
3,3,0x5f098900,2,1
;
1,2,2,0,2
2,1,2,2,2,0
2,2,0,2,0,2
2,3,0,0,0,2
3,0,0x5f098a00,3,1
3,1,0x5f098900,3,1
;}
; FAR-2 x orthogonal road T-intersection north {
;
1,2,2,2,0
2,5,2,0,0,0
2,6,2,0,2,?
2,7,0,0,2,0
3,0,0x5f098b00,0,0
3,7,0x5f098100,2,0
;
1,0,2,2,2
2,1,0,0,0,2
2,7,0,2,0,0
2,8,?,2,0,2
3,0,0x5f098b00,1,0
3,1,0x5f098100,3,0
;
1,2,0,2,2
2,1,0,0,2,0
2,2,2,?,2,0
2,3,2,0,0,0
3,0,0x5f098b00,2,0
3,3,0x5f098100,0,0
;
1,2,2,0,2
2,3,0,0,0,2
2,4,0,2,?,2
2,5,0,2,0,0
3,0,0x5f098b00,3,0
3,5,0x5f098100,1,0
;
1,2,2,2,0
2,1,0,0,2,0
2,7,2,0,0,0
2,8,2,0,2,?
3,0,0x5f098b00,0,1
3,7,0x5f098100,2,1
;
1,2,2,0,2
2,5,0,0,0,2
2,6,0,2,?,2
2,7,0,2,0,0
3,0,0x5f098b00,1,1
3,5,0x5f098100,3,1
;
1,2,0,2,2
2,3,0,0,2,0
2,4,2,?,2,0
2,5,2,0,0,0
3,0,0x5f098b00,2,1
3,3,0x5f098100,0,1
;
1,0,2,2,2
2,1,0,2,0,0
2,2,?,2,0,2
2,3,0,0,0,2
3,0,0x5f098b00,3,1
3,1,0x5f098100,1,1
;}
; FAR-2 x orthogonal road +-intersection next to curve to diagonal {
;
1,2,2,2,2
2,5,2,0,0,0
2,6,2,0,13,0
2,7,0,2,2,2
3,0,0x5f098800,0,0
3,7,0x5f098900,0,0
;
1,2,2,2,2
2,1,2,0,2,2
2,7,0,2,0,0
2,8,0,2,0,13
3,0,0x5f098800,1,0
3,1,0x5f098900,1,0
;
1,2,2,2,2
2,1,0,0,2,0
2,2,13,0,2,0
2,3,2,2,0,2
3,0,0x5f098800,2,0
3,3,0x5f098900,2,0
;
1,2,2,2,2
2,3,0,0,0,2
2,4,0,13,0,2
2,5,2,2,2,0
3,0,0x5f098800,3,0
3,5,0x5f098900,3,0
;
1,2,2,2,2
2,1,0,0,2,0
2,7,2,2,0,2
2,8,11,0,2,0
3,0,0x5f098800,0,1
3,7,0x5f098900,0,1
;
1,2,2,2,2
2,5,2,0,2,2
2,6,0,2,0,11
2,7,0,2,0,0
3,0,0x5f098800,1,1
3,5,0x5f098900,1,1
;
1,2,2,2,2
2,3,0,2,2,2
2,4,2,0,11,0
2,5,2,0,0,0
3,0,0x5f098800,2,1
3,3,0x5f098900,2,1
;
1,2,2,2,2
2,1,2,2,2,0
2,2,0,11,0,2
2,3,0,0,0,2
3,0,0x5f098800,3,1
3,1,0x5f098900,3,1
;}
; FAR-2 x orthogonal road T-intersection south next to curve to diagonal {
;
1,2,0,2,2
2,5,2,0,0,0
2,6,2,0,13,0
2,7,0,2,2,2
3,0,0x5f098a00,0,0
3,7,0x5f098900,0,0
;
1,2,2,0,2
2,1,2,0,2,2
2,7,0,2,0,0
2,8,0,2,0,13
3,0,0x5f098a00,1,0
3,1,0x5f098900,1,0
;
1,2,2,2,0
2,1,0,0,2,0
2,2,13,0,2,0
2,3,2,2,0,2
3,0,0x5f098a00,2,0
3,3,0x5f098900,2,0
;
1,0,2,2,2
2,3,0,0,0,2
2,4,0,13,0,2
2,5,2,2,2,0
3,0,0x5f098a00,3,0
3,5,0x5f098900,3,0
;
1,2,0,2,2
2,1,0,0,2,0
2,7,2,2,0,2
2,8,11,0,2,0
3,0,0x5f098a00,0,1
3,7,0x5f098900,0,1
;
1,0,2,2,2
2,5,2,0,2,2
2,6,0,2,0,11
2,7,0,2,0,0
3,0,0x5f098a00,1,1
3,5,0x5f098900,1,1
;
1,2,2,2,0
2,3,0,2,2,2
2,4,2,0,11,0
2,5,2,0,0,0
3,0,0x5f098a00,2,1
3,3,0x5f098900,2,1
;
1,2,2,0,2
2,1,2,2,2,0
2,2,0,11,0,2
2,3,0,0,0,2
3,0,0x5f098a00,3,1
3,1,0x5f098900,3,1
;}
; FAR-2 x orthogonal road T-intersection north next to curve to diagonal {
;
1,2,2,2,0
2,5,2,0,0,0
2,6,2,0,13,0
2,7,0,0,2,0
3,0,0x5f098b00,0,0
3,7,0x5f098100,2,0
;
1,0,2,2,2
2,1,0,0,0,2
2,7,0,2,0,0
2,8,0,2,0,13
3,0,0x5f098b00,1,0
3,1,0x5f098100,3,0
;
1,2,0,2,2
2,1,0,0,2,0
2,2,13,0,2,0
2,3,2,0,0,0
3,0,0x5f098b00,2,0
3,3,0x5f098100,0,0
;
1,2,2,0,2
2,3,0,0,0,2
2,4,0,13,0,2
2,5,0,2,0,0
3,0,0x5f098b00,3,0
3,5,0x5f098100,1,0
;
1,2,2,2,0
2,1,0,0,2,0
2,7,2,0,0,0
2,8,11,0,2,0
3,0,0x5f098b00,0,1
3,7,0x5f098100,2,1
;
1,2,2,0,2
2,5,0,0,0,2
2,6,0,2,0,11
2,7,0,2,0,0
3,0,0x5f098b00,1,1
3,5,0x5f098100,3,1
;
1,2,0,2,2
2,3,0,0,2,0
2,4,2,0,11,0
2,5,2,0,0,0
3,0,0x5f098b00,2,1
3,3,0x5f098100,0,1
;
1,0,2,2,2
2,1,0,2,0,0
2,2,0,11,0,2
2,3,0,0,0,2
3,0,0x5f098b00,3,1
3,1,0x5f098100,1,1
;}
;}
; End of FAR-2 Section
;---------------------------
