;----------------------------
; Start of FAR-3 Section (FAR-2 below)
; Added by memo on 08/24/2012
; last modified by memo on 01/06/2013 {
;
; the straight FAR-3 piece covers 3x2 tiles.
; "outer tiles" refers to the 4 corner tiles,
; "middle tiles" to the other 2 tiles.
;
; Rotating and mirroring was done with my INRUL-tool. So they are
; the exact rotations and mirrors of the first RULs in each section below.
;
; -memo
;
;
; straight FAR-3 outer tiles with double crossability {
;
1,2,0,2,0
2,5,2,?,2,?
2,6,2,?,2,?
2,7,0,0,2,0
2,17,2,?,0,?
2,18,2,?,2,?
3,0,0x5f090000,0,0
3,7,0x5f090200,2,0
;
1,0,2,0,2
2,1,0,0,0,2
2,7,?,2,?,2
2,8,?,2,?,2
2,21,?,2,?,0
2,22,?,2,?,2
3,0,0x5f090000,1,0
3,1,0x5f090200,3,0
;
1,2,0,2,0
2,1,2,?,2,?
2,2,2,?,2,?
2,3,2,0,0,0
2,9,0,?,2,?
2,10,2,?,2,?
3,0,0x5f090000,2,0
3,3,0x5f090200,0,0
;
1,0,2,0,2
2,3,?,2,?,2
2,4,?,2,?,2
2,5,0,2,0,0
2,13,?,0,?,2
2,14,?,2,?,2
3,0,0x5f090000,3,0
3,5,0x5f090200,1,0
;
1,2,0,2,0
2,1,2,?,2,?
2,7,2,0,0,0
2,8,2,?,2,?
2,9,0,?,2,?
2,24,2,?,2,?
3,0,0x5f090000,0,1
3,7,0x5f090200,2,1
;
1,0,2,0,2
2,5,0,0,0,2
2,6,?,2,?,2
2,7,?,2,?,2
2,20,?,2,?,2
2,21,?,2,?,0
3,0,0x5f090000,1,1
3,5,0x5f090200,3,1
;
1,2,0,2,0
2,3,0,0,2,0
2,4,2,?,2,?
2,5,2,?,2,?
2,16,2,?,2,?
2,17,2,?,0,?
3,0,0x5f090000,2,1
3,3,0x5f090200,0,1
;
1,0,2,0,2
2,1,0,2,0,0
2,2,?,2,?,2
2,3,?,2,?,2
2,12,?,2,?,2
2,13,?,0,?,2
3,0,0x5f090000,3,1
3,1,0x5f090200,1,1
;}
; straight FAR-3 inner tiles {
;
1,2,0,2,0
2,1,2,?,2,?
2,5,2,?,0,?
2,6,2,?,2,?
2,7,2,0,2,0
2,8,0,?,2,?
3,0,0x5f090100,0,0
3,7,0x5f090100,2,0
;
1,0,2,0,2
2,1,0,2,0,2
2,2,?,0,?,2
2,3,?,2,?,2
2,7,?,2,?,0
2,8,?,2,?,2
3,0,0x5f090100,1,0
3,1,0x5f090100,3,0
;
1,2,0,2,0
2,1,0,?,2,?
2,5,2,?,2,?
2,6,2,?,0,?
2,7,2,0,2,0
2,8,2,?,2,?
3,0,0x5f090100,0,1
3,7,0x5f090100,2,1
;
1,0,2,0,2
2,3,?,2,?,2
2,4,?,0,?,2
2,5,0,2,0,2
2,6,?,2,?,2
2,7,?,2,?,0
3,0,0x5f090100,1,1
3,5,0x5f090100,3,1
;}
; orthogonal to FAR-3 short curve with double crossability {
;
1,2,0,0,0
2,1,2,0,2,0
2,5,0,?,2,?
2,6,2,?,2,?
2,7,0,0,2,0
2,17,2,?,0,?
2,18,2,?,2,?
3,0,0x5f090400,0,0
3,1,0x5f090300,0,0
3,7,0x5f090200,2,0
;
1,0,2,0,0
2,1,0,0,0,2
2,3,0,2,0,2
2,7,?,0,?,2
2,8,?,2,?,2
2,21,?,2,?,0
2,22,?,2,?,2
3,0,0x5f090400,1,0
3,1,0x5f090200,3,0
3,3,0x5f090300,1,0
;
1,0,0,2,0
2,1,2,?,0,?
2,2,2,?,2,?
2,3,2,0,0,0
2,5,2,0,2,0
2,9,0,?,2,?
2,10,2,?,2,?
3,0,0x5f090400,2,0
3,3,0x5f090200,0,0
3,5,0x5f090300,2,0
;
1,0,0,0,2
2,3,?,2,?,0
2,4,?,2,?,2
2,5,0,2,0,0
2,7,0,2,0,2
2,13,?,0,?,2
2,14,?,2,?,2
3,0,0x5f090400,3,0
3,5,0x5f090200,1,0
3,7,0x5f090300,3,0
;
1,0,0,2,0
2,1,2,?,0,?
2,5,2,0,2,0
2,7,2,0,0,0
2,8,2,?,2,?
2,9,0,?,2,?
2,24,2,?,2,?
3,0,0x5f090400,0,1
3,5,0x5f090300,0,1
3,7,0x5f090200,2,1
;
1,0,2,0,0
2,3,0,2,0,2
2,5,0,0,0,2
2,6,?,2,?,2
2,7,?,0,?,2
2,20,?,2,?,2
2,21,?,2,?,0
3,0,0x5f090400,1,1
3,3,0x5f090300,1,1
3,5,0x5f090200,3,1
;
1,2,0,0,0
2,1,2,0,2,0
2,3,0,0,2,0
2,4,2,?,2,?
2,5,0,?,2,?
2,16,2,?,2,?
2,17,2,?,0,?
3,0,0x5f090400,2,1
3,1,0x5f090300,2,1
3,3,0x5f090200,0,1
;
1,0,0,0,2
2,1,0,2,0,0
2,2,?,2,?,2
2,3,?,2,?,0
2,7,0,2,0,2
2,12,?,2,?,2
2,13,?,0,?,2
3,0,0x5f090400,3,1
3,1,0x5f090200,1,1
3,7,0x5f090300,3,1
;}
; orthogonal to FAR-3 short curve other (middle) tiles straight {
;
1,0,0,2,0
2,1,2,0,0,0
2,5,2,?,0,?
2,6,2,?,2,?
2,7,2,0,2,0
2,8,0,0,2,0
2,9,2,0,2,0
3,0,0x5f090100,0,0
3,7,0x5f090100,2,0
;
1,0,0,0,2
2,1,0,2,0,2
2,2,0,0,0,2
2,3,0,2,0,0
2,7,?,2,?,0
2,8,?,2,?,2
2,13,0,2,0,2
3,0,0x5f090100,1,0
3,1,0x5f090100,3,0
;
1,2,0,0,0
2,1,0,?,2,?
2,2,2,?,2,?
2,3,2,0,2,0
2,4,2,0,0,0
2,5,0,0,2,0
2,17,2,0,2,0
3,0,0x5f090100,2,0
3,3,0x5f090100,0,0
;
1,0,2,0,0
2,3,?,0,?,2
2,4,?,2,?,2
2,5,0,2,0,2
2,6,0,2,0,0
2,7,0,0,0,2
2,21,0,2,0,2
3,0,0x5f090100,3,0
3,5,0x5f090100,1,0
;
1,2,0,0,0
2,1,0,?,2,?
2,5,0,0,2,0
2,6,2,0,0,0
2,7,2,0,2,0
2,8,2,?,2,?
2,17,2,0,2,0
3,0,0x5f090100,0,1
3,7,0x5f090100,2,1
;
1,0,0,0,2
2,3,0,2,0,0
2,4,0,0,0,2
2,5,0,2,0,2
2,6,?,2,?,2
2,7,?,2,?,0
2,13,0,2,0,2
3,0,0x5f090100,1,1
3,5,0x5f090100,3,1
;
1,0,0,2,0
2,1,2,0,0,0
2,2,0,0,2,0
2,3,2,0,2,0
2,4,2,?,2,?
2,5,2,?,0,?
2,9,2,0,2,0
3,0,0x5f090100,2,1
3,3,0x5f090100,0,1
;
1,0,2,0,0
2,1,0,2,0,2
2,2,?,2,?,2
2,3,?,0,?,2
2,7,0,0,0,2
2,8,0,2,0,0
2,21,0,2,0,2
3,0,0x5f090100,3,1
3,1,0x5f090100,1,1
;}
; orthogonal to FAR-3 short curve other (outer) tiles straight {
;
1,2,0,0,0
2,1,0,?,2,?
2,7,2,0,2,0
2,8,2,?,2,?
2,9,2,0,0,0
2,24,0,0,2,0
3,0,0x5f090200,0,0
3,7,0x5f090000,2,0
;
1,0,2,0,0
2,1,0,2,0,2
2,2,?,2,?,2
2,3,?,0,?,2
2,12,0,0,0,2
2,13,0,2,0,0
3,0,0x5f090200,1,0
3,1,0x5f090000,3,0
;
1,0,0,2,0
2,3,2,0,2,0
2,4,2,?,2,?
2,5,2,?,0,?
2,16,2,0,0,0
2,17,0,0,2,0
3,0,0x5f090200,2,0
3,3,0x5f090000,0,0
;
1,0,0,0,2
2,5,0,2,0,2
2,6,?,2,?,2
2,7,?,2,?,0
2,20,0,2,0,0
2,21,0,0,0,2
3,0,0x5f090200,3,0
3,5,0x5f090000,1,0
;
1,0,0,2,0
2,5,2,?,0,?
2,6,2,?,2,?
2,7,2,0,2,0
2,17,0,0,2,0
2,18,2,0,0,0
3,0,0x5f090200,0,1
3,7,0x5f090000,2,1
;
1,0,2,0,0
2,3,?,0,?,2
2,4,?,2,?,2
2,5,0,2,0,2
2,13,0,2,0,0
2,14,0,0,0,2
3,0,0x5f090200,1,1
3,5,0x5f090000,3,1
;
1,2,0,0,0
2,1,0,?,2,?
2,2,2,?,2,?
2,3,2,0,2,0
2,9,2,0,0,0
2,10,0,0,2,0
3,0,0x5f090200,2,1
3,3,0x5f090000,0,1
;
1,0,0,0,2
2,1,0,2,0,2
2,7,?,2,?,0
2,8,?,2,?,2
2,21,0,0,0,2
2,22,0,2,0,0
3,0,0x5f090200,3,1
3,1,0x5f090000,1,1
;}
; diagonal to FAR-3 transition {
;
1,0,0,0,2
2,3,3,0,0,0
2,5,0,0,0,2
2,6,0,2,0,2
2,7,0,2,0,0
3,0,0x5f090600,0,0
3,3,0x5f090500,0,0
3,5,0x5f090800,0,0
3,6,0x5f090900,0,0
3,7,0x5f090700,0,0
;
1,2,0,0,0
2,1,0,0,2,0
2,5,0,3,0,0
2,7,2,0,0,0
2,8,2,0,2,0
3,0,0x5f090600,1,0
3,1,0x5f090700,1,0
3,5,0x5f090500,1,0
3,7,0x5f090800,1,0
3,8,0x5f090900,1,0
;
1,0,2,0,0
2,1,0,2,0,0
2,2,0,2,0,2
2,3,0,0,0,2
2,7,0,0,3,0
3,0,0x5f090600,2,0
3,1,0x5f090800,2,0
3,2,0x5f090900,2,0
3,3,0x5f090700,2,0
3,7,0x5f090500,2,0
;
1,0,0,2,0
2,1,0,0,0,3
2,3,0,0,2,0
2,4,2,0,2,0
2,5,2,0,0,0
3,0,0x5f090600,3,0
3,1,0x5f090500,3,0
3,3,0x5f090800,3,0
3,4,0x5f090900,3,0
3,5,0x5f090700,3,0
;
1,0,0,0,2
2,1,0,0,0,2
2,3,0,0,1,0
2,7,0,2,0,0
2,8,0,2,0,2
3,0,0x5f090600,0,1
3,1,0x5f090800,0,1
3,3,0x5f090500,0,1
3,7,0x5f090700,0,1
3,8,0x5f090900,0,1
;
1,0,0,2,0
2,1,0,1,0,0
2,5,2,0,0,0
2,6,2,0,2,0
2,7,0,0,2,0
3,0,0x5f090600,1,1
3,1,0x5f090500,1,1
3,5,0x5f090700,1,1
3,6,0x5f090900,1,1
3,7,0x5f090800,1,1
;
1,0,2,0,0
2,3,0,0,0,2
2,4,0,2,0,2
2,5,0,2,0,0
2,7,1,0,0,0
3,0,0x5f090600,2,1
3,3,0x5f090700,2,1
3,4,0x5f090900,2,1
3,5,0x5f090800,2,1
3,7,0x5f090500,2,1
;
1,2,0,0,0
2,1,0,0,2,0
2,2,2,0,2,0
2,3,2,0,0,0
2,5,0,0,0,1
3,0,0x5f090600,3,1
3,1,0x5f090700,3,1
3,2,0x5f090900,3,1
3,3,0x5f090800,3,1
3,5,0x5f090500,3,1
;}
; FAR-3 x orthogonal road +-intersection {
;
1,2,2,2,2
2,1,2,0,2,0
2,5,2,0,0,0
2,6,2,0,2,0
2,7,2,2,2,2
2,8,0,0,2,0
3,0,0x5f090a00,0,0
3,7,0x5f090a00,2,0
;
1,2,2,2,2
2,1,2,2,2,2
2,2,0,0,0,2
2,3,0,2,0,2
2,7,0,2,0,0
2,8,0,2,0,2
3,0,0x5f090a00,1,0
3,1,0x5f090a00,3,0
;
1,2,2,2,2
2,1,0,0,2,0
2,5,2,0,2,0
2,6,2,0,0,0
2,7,2,2,2,2
2,8,2,0,2,0
3,0,0x5f090a00,0,1
3,7,0x5f090a00,2,1
;
1,2,2,2,2
2,3,0,2,0,2
2,4,0,0,0,2
2,5,2,2,2,2
2,6,0,2,0,2
2,7,0,2,0,0
3,0,0x5f090a00,1,1
3,5,0x5f090a00,3,1
;}
; orthogonal to FAR-3 short curve with orthogonal road +-intersection {
;
1,0,2,2,2
2,1,2,0,0,0
2,5,2,0,0,0
2,6,2,0,2,0
2,7,2,2,2,2
2,8,0,0,2,0
2,9,2,0,2,0
3,0,0x5f090a00,0,0
3,7,0x5f090a00,2,0
;
1,2,0,2,2
2,1,2,2,2,2
2,2,0,0,0,2
2,3,0,2,0,0
2,7,0,2,0,0
2,8,0,2,0,2
2,13,0,2,0,2
3,0,0x5f090a00,1,0
3,1,0x5f090a00,3,0
;
1,2,2,0,2
2,1,0,0,2,0
2,2,2,0,2,0
2,3,2,2,2,2
2,4,2,0,0,0
2,5,0,0,2,0
2,17,2,0,2,0
3,0,0x5f090a00,2,0
3,3,0x5f090a00,0,0
;
1,2,2,2,0
2,3,0,0,0,2
2,4,0,2,0,2
2,5,2,2,2,2
2,6,0,2,0,0
2,7,0,0,0,2
2,21,0,2,0,2
3,0,0x5f090a00,3,0
3,5,0x5f090a00,1,0
;
1,2,2,0,2
2,1,0,0,2,0
2,5,0,0,2,0
2,6,2,0,0,0
2,7,2,2,2,2
2,8,2,0,2,0
2,17,2,0,2,0
3,0,0x5f090a00,0,1
3,7,0x5f090a00,2,1
;
1,2,0,2,2
2,3,0,2,0,0
2,4,0,0,0,2
2,5,2,2,2,2

2,6,0,2,0,2
2,7,0,2,0,0
2,13,0,2,0,2
3,0,0x5f090a00,1,1
3,5,0x5f090a00,3,1
;
1,0,2,2,2
2,1,2,0,0,0
2,2,0,0,2,0
2,3,2,2,2,2
2,4,2,0,2,0
2,5,2,0,0,0
2,9,2,0,2,0
3,0,0x5f090a00,2,1
3,3,0x5f090a00,0,1
;
1,2,2,2,0
2,1,2,2,2,2
2,2,0,2,0,2
2,3,0,0,0,2
2,7,0,0,0,2
2,8,0,2,0,0
2,21,0,2,0,2
3,0,0x5f090a00,3,1
3,1,0x5f090a00,1,1
;}
; FAR-3 x orthogonal T-intersection {
;
1,2,2,2,2
2,1,2,0,2,0
2,5,2,0,0,0
2,6,2,0,2,?
2,7,2,2,2,0
2,8,0,0,2,0
3,0,0x5f090b00,0,0
3,7,0x5f090c00,0,0
;
1,2,2,2,2
2,1,0,2,2,2
2,2,0,0,0,2
2,3,0,2,0,2
2,7,0,2,0,0
2,8,?,2,0,2
3,0,0x5f090b00,1,0
3,1,0x5f090c00,1,0
;
1,2,2,2,2
2,1,0,0,2,0
2,2,2,?,2,0
2,3,2,0,2,2
2,4,2,0,0,0
2,5,2,0,2,0
3,0,0x5f090b00,2,0
3,3,0x5f090c00,2,0
;
1,2,2,2,2
2,3,0,0,0,2
2,4,0,2,?,2
2,5,2,2,0,2
2,6,0,2,0,0
2,7,0,2,0,2
3,0,0x5f090b00,3,0
3,5,0x5f090c00,3,0
;
1,2,2,2,2
2,1,0,0,2,0
2,5,2,0,2,0
2,6,2,0,0,0
2,7,2,2,2,0
2,8,2,0,2,?
3,0,0x5f090b00,0,1
3,7,0x5f090c00,0,1
;
1,2,2,2,2
2,3,0,2,0,2
2,4,0,0,0,2
2,5,2,2,0,2
2,6,0,2,?,2
2,7,0,2,0,0
3,0,0x5f090b00,1,1
3,5,0x5f090c00,1,1
;
1,2,2,2,2
2,1,2,0,2,0
2,2,0,0,2,0
2,3,2,0,2,2
2,4,2,?,2,0
2,5,2,0,0,0
3,0,0x5f090b00,2,1
3,3,0x5f090c00,2,1
;
1,2,2,2,2
2,1,0,2,2,2
2,2,?,2,0,2
2,3,0,0,0,2
2,7,0,2,0,2
2,8,0,2,0,0
3,0,0x5f090b00,3,1
3,1,0x5f090c00,3,1
;}
; orthogonal to FAR-3 short curve with orthogonal road T-intersection north {
;
1,0,2,2,2
2,1,2,0,0,0
2,5,2,0,0,0
2,6,2,0,2,0
2,7,2,2,2,0
2,8,0,0,2,0
2,9,2,0,2,0
3,0,0x5f090b00,0,0
3,7,0x5f090c00,0,0
;
1,2,0,2,2
2,1,0,2,2,2
2,2,0,0,0,2
2,3,0,2,0,0
2,7,0,2,0,0
2,8,0,2,0,2
2,13,0,2,0,2
3,0,0x5f090b00,1,0
3,1,0x5f090c00,1,0
;
1,2,2,0,2
2,1,0,0,2,0
2,2,2,0,2,0
2,3,2,0,2,2
2,4,2,0,0,0
2,5,0,0,2,0
2,17,2,0,2,0
3,0,0x5f090b00,2,0
3,3,0x5f090c00,2,0
;
1,2,2,2,0
2,3,0,0,0,2
2,4,0,2,0,2
2,5,2,2,0,2
2,6,0,2,0,0
2,7,0,0,0,2
2,21,0,2,0,2
3,0,0x5f090b00,3,0
3,5,0x5f090c00,3,0
;
1,2,2,0,2
2,1,0,0,2,0
2,5,0,0,2,0
2,6,2,0,0,0
2,7,2,2,2,0
2,8,2,0,2,0
2,17,2,0,2,0
3,0,0x5f090b00,0,1
3,7,0x5f090c00,0,1
;
1,2,0,2,2
2,3,0,2,0,0
2,4,0,0,0,2
2,5,2,2,0,2
2,6,0,2,0,2
2,7,0,2,0,0
2,13,0,2,0,2
3,0,0x5f090b00,1,1
3,5,0x5f090c00,1,1
;
1,0,2,2,2
2,1,2,0,0,0
2,2,0,0,2,0
2,3,2,0,2,2
2,4,2,0,2,0
2,5,2,0,0,0
2,9,2,0,2,0
3,0,0x5f090b00,2,1
3,3,0x5f090c00,2,1
;
1,2,2,2,0
2,1,0,2,2,2
2,2,0,2,0,2
2,3,0,0,0,2
2,7,0,0,0,2
2,8,0,2,0,0
2,21,0,2,0,2
3,0,0x5f090b00,3,1
3,1,0x5f090c00,3,1
;}
; orthogonal to FAR-3 short curve with orthogonal road T-intersection south {
;
1,0,0,2,2
2,1,2,0,0,0
2,5,2,0,0,0
2,6,2,0,2,0
2,7,2,2,2,2
2,8,0,0,2,0
2,9,2,0,2,0
3,0,0x5f090c00,2,0
3,7,0x5f090b00,2,0
;
1,2,0,0,2
2,1,2,2,2,2
2,2,0,0,0,2
2,3,0,2,0,0
2,7,0,2,0,0
2,8,0,2,0,2
2,13,0,2,0,2
3,0,0x5f090c00,3,0
3,1,0x5f090b00,3,0
;
1,2,2,0,0
2,1,0,0,2,0
2,2,2,0,2,0
2,3,2,2,2,2
2,4,2,0,0,0
2,5,0,0,2,0
2,17,2,0,2,0
3,0,0x5f090c00,0,0
3,3,0x5f090b00,0,0
;
1,0,2,2,0
2,3,0,0,0,2
2,4,0,2,0,2
2,5,2,2,2,2
2,6,0,2,0,0
2,7,0,0,0,2
2,21,0,2,0,2
3,0,0x5f090c00,1,0
3,5,0x5f090b00,1,0
;
1,2,0,0,2
2,1,0,0,2,0
2,5,0,0,2,0
2,6,2,0,0,0
2,7,2,2,2,2
2,8,2,0,2,0
2,17,2,0,2,0
3,0,0x5f090c00,2,1
3,7,0x5f090b00,2,1
;
1,0,0,2,2
2,3,0,2,0,0
2,4,0,0,0,2
2,5,2,2,2,2
2,6,0,2,0,2
2,7,0,2,0,0
2,13,0,2,0,2
3,0,0x5f090c00,3,1
3,5,0x5f090b00,3,1
;
1,0,2,2,0
2,1,2,0,0,0
2,2,0,0,2,0
2,3,2,2,2,2
2,4,2,0,2,0
2,5,2,0,0,0
2,9,2,0,2,0
3,0,0x5f090c00,0,1
3,3,0x5f090b00,0,1
;
1,2,2,0,0
2,1,2,2,2,2
2,2,0,2,0,2
2,3,0,0,0,2
2,7,0,0,0,2
2,8,0,2,0,0
2,21,0,2,0,2
3,0,0x5f090c00,1,1
3,1,0x5f090b00,1,1
;}
; straight FAR-3 ending in orthogonal road T-intersection {
;
1,2,2,0,2
2,1,2,0,2,0
2,7,2,2,0,2
2,8,0,0,2,0
3,0,0x5f090d00,0,0
3,1,0x5f090000,0,0
3,7,0x5f090e00,0,0
3,8,0x5f090200,2,0
;
1,2,2,2,0
2,1,2,2,2,0
2,2,0,0,0,2
2,3,0,2,0,2
3,0,0x5f090d00,1,0
3,1,0x5f090e00,1,0
3,2,0x5f090200,3,0
3,3,0x5f090000,1,0
;
1,0,2,2,2
2,3,0,2,2,2
2,4,2,0,0,0
2,5,2,0,2,0
3,0,0x5f090d00,2,0
3,3,0x5f090e00,2,0
3,4,0x5f090200,0,0
3,5,0x5f090000,2,0
;
1,2,0,2,2
2,5,2,0,2,2
2,6,0,2,0,0
2,7,0,2,0,2
3,0,0x5f090d00,3,0
3,5,0x5f090e00,3,0
3,6,0x5f090200,1,0
3,7,0x5f090000,3,0
;
1,0,2,2,2
2,5,2,0,2,0
2,6,2,0,0,0
2,7,0,2,2,2
3,0,0x5f090d00,0,1
3,5,0x5f090000,0,1
3,6,0x5f090200,2,1
3,7,0x5f090e00,0,1
;
1,2,2,2,0
2,3,0,2,0,2
2,4,0,0,0,2
2,5,2,2,2,0
3,0,0x5f090d00,1,1
3,3,0x5f090000,1,1
3,4,0x5f090200,3,1
3,5,0x5f090e00,1,1
;
1,2,2,0,2
2,1,2,0,2,0
2,2,0,0,2,0
2,3,2,2,0,2
3,0,0x5f090d00,2,1
3,1,0x5f090000,2,1
3,2,0x5f090200,0,1
3,3,0x5f090e00,2,1
;
1,2,0,2,2
2,1,2,0,2,2
2,7,0,2,0,2
2,8,0,2,0,0
3,0,0x5f090d00,3,1
3,1,0x5f090e00,3,1
3,7,0x5f090000,3,1
3,8,0x5f090200,1,1
;}
; FAR-3 long curve {
;
1,2,0,2,0
2,1,0,0,2,0
2,2,2,0,2,0
2,3,2,0,0,0
2,5,2,0,0,2
2,6,2,2,0,2
2,7,0,0,2,0
2,10,2,0,2,0
3,0,0x5f091300,0,0
3,1,0x5f091100,0,0
3,2,0x5f091000,0,0
3,3,0x5f091200,0,0
3,5,0x5f091500,0,0
3,6,0x5f091600,0,0
3,7,0x5f091400,0,0
3,10,0x5f090f00,0,0
;
1,0,2,0,2
2,1,0,0,0,2
2,3,0,0,0,2
2,4,0,2,0,2
2,5,0,2,0,0
2,7,2,2,0,0
2,8,2,2,2,0
2,14,0,2,0,2
3,0,0x5f091300,1,0
3,1,0x5f091400,1,0
3,3,0x5f091100,1,0
3,4,0x5f091000,1,0
3,5,0x5f091200,1,0
3,7,0x5f091500,1,0
3,8,0x5f091600,1,0
3,14,0x5f090f00,1,0
;
1,2,0,2,0
2,1,0,2,2,0
2,2,0,2,2,2
2,3,2,0,0,0
2,5,2,0,0,0
2,6,2,0,2,0
2,7,0,0,2,0
2,18,2,0,2,0
3,0,0x5f091300,2,0
3,1,0x5f091500,2,0
3,2,0x5f091600,2,0
3,3,0x5f091400,2,0
3,5,0x5f091100,2,0
3,6,0x5f091000,2,0
3,7,0x5f091200,2,0
3,18,0x5f090f00,2,0
;
1,0,2,0,2
2,1,0,0,0,2
2,3,0,0,2,2
2,4,2,0,2,2
2,5,0,2,0,0
2,7,0,2,0,0
2,8,0,2,0,2
2,22,0,2,0,2
3,0,0x5f091300,3,0
3,1,0x5f091200,3,0
3,3,0x5f091500,3,0
3,4,0x5f091600,3,0
3,5,0x5f091400,3,0
3,7,0x5f091100,3,0
3,8,0x5f091000,3,0
3,22,0x5f090f00,3,0
;
1,2,0,2,0
2,1,0,0,2,2
2,3,0,0,2,0
2,4,2,0,2,0
2,5,2,0,0,0
2,7,2,0,0,0
2,8,0,2,2,2
2,16,2,0,2,0
3,0,0x5f091300,0,1
3,1,0x5f091500,0,1
3,3,0x5f091200,0,1
3,4,0x5f091000,0,1
3,5,0x5f091100,0,1
3,7,0x5f091400,0,1
3,8,0x5f091600,0,1
3,16,0x5f090f00,0,1
;
1,0,2,0,2
2,1,0,2,0,0
2,2,0,2,0,2
2,3,0,0,0,2
2,5,0,0,0,2
2,6,2,2,2,0
2,7,0,2,2,0
2,12,0,2,0,2
3,0,0x5f091300,1,1
3,1,0x5f091200,1,1
3,2,0x5f091000,1,1
3,3,0x5f091100,1,1
3,5,0x5f091400,1,1
3,6,0x5f091600,1,1
3,7,0x5f091500,1,1
3,12,0x5f090f00,1,1
;
1,2,0,2,0
2,1,0,0,2,0
2,3,0,0,2,0
2,4,2,2,0,2
2,5,2,2,0,0
2,7,2,0,0,0
2,8,2,0,2,0
2,24,2,0,2,0
3,0,0x5f091300,2,1
3,1,0x5f091100,2,1
3,3,0x5f091400,2,1
3,4,0x5f091600,2,1
3,5,0x5f091500,2,1
3,7,0x5f091200,2,1
3,8,0x5f091000,2,1
3,24,0x5f090f00,2,1
;
1,0,2,0,2
2,1,0,2,0,0
2,2,2,0,2,2
2,3,2,0,0,2
2,5,0,0,0,2
2,6,0,2,0,2
2,7,0,2,0,0
2,20,0,2,0,2
3,0,0x5f091300,3,1
3,1,0x5f091400,3,1
3,2,0x5f091600,3,1
3,3,0x5f091500,3,1
3,5,0x5f091200,3,1
3,6,0x5f091000,3,1
3,7,0x5f091100,3,1
3,20,0x5f090f00,3,1
;}
; FAR-3 x FAR-3 +-intersection {
;
1,2,2,2,2
2,1,0,2,2,2
2,2,2,0,2,2
2,3,2,2,2,2
2,4,2,0,0,0
2,5,2,0,2,0
2,7,0,2,0,0
2,8,0,2,0,2
3,0,0x5f091a00,0,0
3,1,0x5f091800,0,0
3,2,0x5f091700,0,0
3,3,0x5f091900,0,0
3,4,0x5f090200,0,0
3,5,0x5f090000,2,0
3,7,0x5f090200,1,0
3,8,0x5f090000,3,0
;
1,2,2,2,2
2,1,0,0,2,0
2,2,2,0,2,0
2,3,2,0,2,2
2,4,2,2,0,2
2,5,2,2,2,2
2,6,0,2,0,0
2,7,0,2,0,2
3,0,0x5f091a00,1,0
3,1,0x5f090200,2,0
3,2,0x5f090000,0,0
3,3,0x5f091800,1,0
3,4,0x5f091700,1,0
3,5,0x5f091900,1,0
3,6,0x5f090200,1,0
3,7,0x5f090000,3,0
;
1,2,2,2,2
2,1,2,0,2,0
2,3,0,0,0,2
2,4,0,2,0,2
2,5,2,2,0,2
2,6,2,2,2,0
2,7,2,2,2,2
2,8,0,0,2,0
3,0,0x5f091a00,2,0
3,1,0x5f090000,0,0
3,3,0x5f090200,3,0
3,4,0x5f090000,1,0
3,5,0x5f091800,2,0
3,6,0x5f091700,2,0
3,7,0x5f091900,2,0
3,8,0x5f090200,2,0
;
1,2,2,2,2
2,1,2,2,2,2
2,2,0,0,0,2
2,3,0,2,0,2
2,5,2,0,0,0
2,6,2,0,2,0
2,7,2,2,2,0
2,8,0,2,2,2
3,0,0x5f091a00,3,0
3,1,0x5f091900,3,0
3,2,0x5f090200,3,0
3,3,0x5f090000,1,0
3,5,0x5f090200,0,0
3,6,0x5f090000,2,0
3,7,0x5f091800,3,0
3,8,0x5f091700,3,0
;
1,2,2,2,2
2,1,2,0,2,0
2,2,0,0,2,0
2,3,2,2,2,2
2,4,2,0,2,2
2,5,2,2,0,2
2,6,0,2,0,2
2,7,0,2,0,0
3,0,0x5f091a00,0,1
3,1,0x5f090000,2,1
3,2,0x5f090200,0,1
3,3,0x5f091900,0,1
3,4,0x5f091700,0,1
3,5,0x5f091800,0,1
3,6,0x5f090000,3,1
3,7,0x5f090200,1,1
;
1,2,2,2,2
2,1,2,2,2,2
2,2,0,2,2,2
2,3,2,0,2,2
2,4,2,0,2,0
2,5,2,0,0,0
2,7,0,2,0,2
2,8,0,2,0,0
3,0,0x5f091a00,1,1
3,1,0x5f091900,1,1
3,2,0x5f091700,1,1
3,3,0x5f091800,1,1
3,4,0x5f090000,0,1
3,5,0x5f090200,2,1
3,7,0x5f090000,3,1
3,8,0x5f090200,1,1
;
1,2,2,2,2
2,1,0,2,2,2
2,2,0,2,0,2
2,3,0,0,0,2
2,5,2,0,2,0
2,6,2,0,0,0
2,7,2,2,2,2
2,8,2,2,2,0
3,0,0x5f091a00,2,1
3,1,0x5f091800,2,1
3,2,0x5f090000,1,1
3,3,0x5f090200,3,1
3,5,0x5f090000,0,1
3,6,0x5f090200,2,1
3,7,0x5f091900,2,1
3,8,0x5f091700,2,1
;
1,2,2,2,2
2,1,0,0,2,0
2,3,0,2,0,2
2,4,0,0,0,2
2,5,2,2,2,2
2,6,2,2,0,2
2,7,2,2,2,0
2,8,2,0,2,0
3,0,0x5f091a00,3,1
3,1,0x5f090200,0,1
3,3,0x5f090000,1,1
3,4,0x5f090200,3,1
3,5,0x5f091900,3,1
3,6,0x5f091700,3,1
3,7,0x5f091800,3,1
3,8,0x5f090000,2,1
;}
; wide radius curve 90 degree {
;
1,3,1,3,1
2,1,0,11,3,0
2,2,2,0,13,11
2,3,13,0,0,1
2,5,3,0,0,11
2,6,13,11,0,2
2,7,0,1,13,0
2,10,2,0,2,0
2,20,0,2,0,2
3,0,0x5f092900,0,0
3,1,0x5f092700,0,0
3,2,0x5f092600,0,0
3,3,0x5f092800,0,0
3,5,0x5f092800,3,1
3,6,0x5f092600,3,1
3,7,0x5f092700,3,1
3,10,0x5f092500,0,0
3,20,0x5f092500,3,1
;
1,1,3,1,3
2,1,0,0,1,13
2,3,0,0,11,3
2,4,11,2,0,13
2,5,1,13,0,0
2,7,11,3,0,0
2,8,2,13,11,0
2,14,0,2,0,2
2,24,2,0,2,0
3,0,0x5f092900,1,0
3,1,0x5f092700,2,1
3,3,0x5f092700,1,0
3,4,0x5f092600,1,0
3,5,0x5f092800,1,0
3,7,0x5f092800,2,1
3,8,0x5f092600,2,1
3,14,0x5f092500,1,0
3,24,0x5f092500,2,1
;
1,3,1,3,1
2,1,0,11,3,0
2,2,0,2,13,11
2,3,13,0,0,1
2,5,3,0,0,11
2,6,13,11,2,0
2,7,0,1,13,0
2,12,0,2,0,2
2,18,2,0,2,0
3,0,0x5f092900,2,0
3,1,0x5f092800,1,1
3,2,0x5f092600,1,1
3,3,0x5f092700,1,1
3,5,0x5f092700,2,0
3,6,0x5f092600,2,0
3,7,0x5f092800,2,0
3,12,0x5f092500,1,1
3,18,0x5f092500,2,0
;
1,1,3,1,3
2,1,0,0,1,13
2,3,0,0,11,3
2,4,11,0,2,13
2,5,1,13,0,0
2,7,11,3,0,0
2,8,0,13,11,2
2,16,2,0,2,0
2,22,0,2,0,2
3,0,0x5f092900,3,0
3,1,0x5f092800,3,0
3,3,0x5f092800,0,1
3,4,0x5f092600,0,1
3,5,0x5f092700,0,1
3,7,0x5f092700,3,0
3,8,0x5f092600,3,0
3,16,0x5f092500,0,1
3,22,0x5f092500,3,0
;}
; FAR-3 x orthogonal road +-intersection shifted {
;
1,2,2,2,2
2,5,2,0,2,0
2,6,2,0,2,0
2,7,0,2,2,2
2,17,2,?,0,?
2,18,2,?,2,?
3,0,0x5f092b00,0,0
3,7,0x5f092c00,0,0
;
1,2,2,2,2
2,1,2,0,2,2
2,7,0,2,0,2
2,8,0,2,0,2
2,21,?,2,?,0
2,22,?,2,?,2
3,0,0x5f092b00,1,0
3,1,0x5f092c00,1,0
;
1,2,2,2,2
2,1,2,0,2,0
2,2,2,0,2,0
2,3,2,2,0,2
2,9,0,?,2,?
2,10,2,?,2,?
3,0,0x5f092b00,2,0
3,3,0x5f092c00,2,0
;
1,2,2,2,2
2,3,0,2,0,2
2,4,0,2,0,2
2,5,2,2,2,0
2,13,?,0,?,2
2,14,?,2,?,2
3,0,0x5f092b00,3,0
3,5,0x5f092c00,3,0
;
1,2,2,2,2
2,1,2,0,2,0
2,7,2,2,0,2
2,8,2,0,2,0
2,9,0,?,2,?
2,24,2,?,2,?
3,0,0x5f092b00,0,1
3,7,0x5f092c00,0,1
;
1,2,2,2,2
2,5,2,0,2,2
2,6,0,2,0,2
2,7,0,2,0,2
2,20,?,2,?,2
2,21,?,2,?,0
3,0,0x5f092b00,1,1
3,5,0x5f092c00,1,1
;
1,2,2,2,2
2,3,0,2,2,2
2,4,2,0,2,0
2,5,2,0,2,0
2,16,2,?,2,?
2,17,2,?,0,?
3,0,0x5f092b00,2,1
3,3,0x5f092c00,2,1
;
1,2,2,2,2
2,1,2,2,2,0
2,2,0,2,0,2
2,3,0,2,0,2
2,12,?,2,?,2
2,13,?,0,?,2
3,0,0x5f092b00,3,1
3,1,0x5f092c00,3,1
;}
; FAR-3 x orthogonal road T-intersection North shifted {
;
1,2,2,2,0
2,5,2,?,2,?
2,6,2,?,2,?
2,7,0,0,2,0
2,17,2,?,0,?
2,18,2,?,2,?
3,0,0x5f092d00,0,0
3,7,0x5f090200,2,0
;
1,0,2,2,2
2,1,0,0,0,2
2,7,?,2,?,2
2,8,?,2,?,2
2,21,?,2,?,0
2,22,?,2,?,2
3,0,0x5f092d00,1,0
3,1,0x5f090200,3,0
;
1,2,0,2,2
2,1,2,?,2,?
2,2,2,?,2,?
2,3,2,0,0,0
2,9,0,?,2,?
2,10,2,?,2,?
3,0,0x5f092d00,2,0
3,3,0x5f090200,0,0
;
1,2,2,0,2
2,3,?,2,?,2
2,4,?,2,?,2
2,5,0,2,0,0
2,13,?,0,?,2
2,14,?,2,?,2
3,0,0x5f092d00,3,0
3,5,0x5f090200,1,0
;
1,2,2,2,0
2,1,2,?,2,?
2,7,2,0,0,0
2,8,2,?,2,?
2,9,0,?,2,?
2,24,2,?,2,?
3,0,0x5f092d00,0,1
3,7,0x5f090200,2,1
;
1,2,2,0,2
2,5,0,0,0,2
2,6,?,2,?,2
2,7,?,2,?,2
2,20,?,2,?,2
2,21,?,2,?,0
3,0,0x5f092d00,1,1
3,5,0x5f090200,3,1
;
1,2,0,2,2
2,3,0,0,2,0
2,4,2,?,2,?
2,5,2,?,2,?
2,16,2,?,2,?
2,17,2,?,0,?
3,0,0x5f092d00,2,1
3,3,0x5f090200,0,1
;

1,0,2,2,2
2,1,0,2,0,0
2,2,?,2,?,2
2,3,?,2,?,2
2,12,?,2,?,2
2,13,?,0,?,2
3,0,0x5f092d00,3,1
3,1,0x5f090200,1,1
;}
; FAR-3 x orthogonal road T-intersection South shifted {
;
1,2,0,2,2
2,5,2,0,2,0
2,6,2,0,2,0
2,7,0,2,2,2
2,17,2,?,0,?
2,18,2,?,2,?
3,0,0x5f092e00,0,0
3,7,0x5f092c00,0,0
;
1,2,2,0,2
2,1,2,0,2,2
2,7,0,2,0,2
2,8,0,2,0,2
2,21,?,2,?,0
2,22,?,2,?,2
3,0,0x5f092e00,1,0
3,1,0x5f092c00,1,0
;
1,2,2,2,0
2,1,2,0,2,0
2,2,2,0,2,0
2,3,2,2,0,2
2,9,0,?,2,?
2,10,2,?,2,?
3,0,0x5f092e00,2,0
3,3,0x5f092c00,2,0
;
1,0,2,2,2
2,3,0,2,0,2
2,4,0,2,0,2
2,5,2,2,2,0
2,13,?,0,?,2
2,14,?,2,?,2
3,0,0x5f092e00,3,0
3,5,0x5f092c00,3,0
;
1,2,0,2,2
2,1,2,0,2,0
2,7,2,2,0,2
2,8,2,0,2,0
2,9,0,?,2,?
2,24,2,?,2,?
3,0,0x5f092e00,0,1
3,7,0x5f092c00,0,1
;
1,0,2,2,2
2,5,2,0,2,2
2,6,0,2,0,2
2,7,0,2,0,2
2,20,?,2,?,2
2,21,?,2,?,0
3,0,0x5f092e00,1,1
3,5,0x5f092c00,1,1
;
1,2,2,2,0
2,3,0,2,2,2
2,4,2,0,2,0
2,5,2,0,2,0
2,16,2,?,2,?
2,17,2,?,0,?
3,0,0x5f092e00,2,1
3,3,0x5f092c00,2,1
;
1,2,2,0,2
2,1,2,2,2,0
2,2,0,2,0,2
2,3,0,2,0,2
2,12,?,2,?,2
2,13,?,0,?,2
3,0,0x5f092e00,3,1
3,1,0x5f092c00,3,1
;}
; straight FAR-3 ending in orthogonal road T-intersection shifted A {
; {
1,0,2,2,2
2,5,2,0,2,0
2,6,2,0,2,0
2,7,0,2,2,2
2,17,2,0,0,0
2,18,2,0,2,0
3,0,0x5f093000,0,0
3,5,0x5f090100,0,0
3,6,0x5f090100,2,0
3,7,0x5f092c00,0,0
3,17,0x5f090200,0,0
3,18,0x5f090000,2,0
;
1,2,0,2,2
2,1,2,0,2,2
2,7,0,2,0,2
2,8,0,2,0,2
2,21,0,2,0,0
2,22,0,2,0,2
3,0,0x5f093000,1,0
3,1,0x5f092c00,1,0
3,7,0x5f090100,1,0
3,8,0x5f090100,3,0
3,21,0x5f090200,1,0
3,22,0x5f090000,3,0
;
1,2,2,0,2
2,1,2,0,2,0
2,2,2,0,2,0
2,3,2,2,0,2
2,9,0,0,2,0
2,10,2,0,2,0
3,0,0x5f093000,2,0
3,1,0x5f090100,2,0
3,2,0x5f090100,0,0
3,3,0x5f092c00,2,0
3,9,0x5f090200,2,0
3,10,0x5f090000,0,0
;
1,2,2,2,0
2,3,0,2,0,2
2,4,0,2,0,2
2,5,2,2,2,0
2,13,0,0,0,2
2,14,0,2,0,2
3,0,0x5f093000,3,0
3,3,0x5f090100,3,0
3,4,0x5f090100,1,0
3,5,0x5f092c00,3,0
3,13,0x5f090200,3,0
3,14,0x5f090000,1,0
;
1,2,2,0,2
2,1,2,0,2,0
2,7,2,2,0,2
2,8,2,0,2,0
2,9,0,0,2,0
2,24,2,0,2,0
3,0,0x5f093000,0,1
3,1,0x5f090100,0,1
3,7,0x5f092c00,0,1
3,8,0x5f090100,2,1
3,9,0x5f090200,0,1
3,24,0x5f090000,2,1
;
1,2,0,2,2
2,5,2,0,2,2
2,6,0,2,0,2
2,7,0,2,0,2
2,20,0,2,0,2
2,21,0,2,0,0
3,0,0x5f093000,1,1
3,5,0x5f092c00,1,1
3,6,0x5f090100,3,1
3,7,0x5f090100,1,1
3,20,0x5f090000,3,1
3,21,0x5f090200,1,1
;
1,0,2,2,2
2,3,0,2,2,2
2,4,2,0,2,0
2,5,2,0,2,0
2,16,2,0,2,0
2,17,2,0,0,0
3,0,0x5f093000,2,1
3,3,0x5f092c00,2,1
3,4,0x5f090100,0,1
3,5,0x5f090100,2,1
3,16,0x5f090000,0,1
3,17,0x5f090200,2,1
;
1,2,2,2,0
2,1,2,2,2,0
2,2,0,2,0,2
2,3,0,2,0,2
2,12,0,2,0,2
2,13,0,0,0,2
3,0,0x5f093000,3,1
3,1,0x5f092c00,3,1
3,2,0x5f090100,1,1
3,3,0x5f090100,3,1
3,12,0x5f090000,1,1
3,13,0x5f090200,3,1
;}
; with +-intersection
; {
1,0,2,2,2
2,5,2,0,2,0
2,6,2,0,2,0
2,7,0,2,2,2
2,17,2,2,0,2
2,18,2,2,2,2
3,0,0x5f093000,0,0
3,5,0x5f090100,0,0
3,6,0x5f090100,2,0
3,7,0x5f092c00,0,0
3,17,0x5f092c00,2,0
3,18,0x5f092b00,2,0
;
1,2,0,2,2
2,1,2,0,2,2
2,7,0,2,0,2
2,8,0,2,0,2
2,21,2,2,2,0
2,22,2,2,2,2
3,0,0x5f093000,1,0
3,1,0x5f092c00,1,0
3,7,0x5f090100,1,0
3,8,0x5f090100,3,0
3,21,0x5f092c00,3,0
3,22,0x5f092b00,3,0
;
1,2,2,0,2
2,1,2,0,2,0
2,2,2,0,2,0
2,3,2,2,0,2
2,9,0,2,2,2
2,10,2,2,2,2
3,0,0x5f093000,2,0
3,1,0x5f090100,2,0
3,2,0x5f090100,0,0
3,3,0x5f092c00,2,0
3,9,0x5f092c00,0,0
3,10,0x5f092b00,0,0
;
1,2,2,2,0
2,3,0,2,0,2
2,4,0,2,0,2
2,5,2,2,2,0
2,13,2,0,2,2
2,14,2,2,2,2
3,0,0x5f093000,3,0
3,3,0x5f090100,3,0
3,4,0x5f090100,1,0
3,5,0x5f092c00,3,0
3,13,0x5f092c00,1,0
3,14,0x5f092b00,1,0
;
1,2,2,0,2
2,1,2,0,2,0
2,7,2,2,0,2
2,8,2,0,2,0
2,9,0,2,2,2
2,24,2,2,2,2
3,0,0x5f093000,0,1
3,1,0x5f090100,0,1
3,7,0x5f092c00,0,1
3,8,0x5f090100,2,1
3,9,0x5f092c00,2,1
3,24,0x5f092b00,2,1
;
1,2,0,2,2
2,5,2,0,2,2
2,6,0,2,0,2
2,7,0,2,0,2
2,20,2,2,2,2
2,21,2,2,2,0
3,0,0x5f093000,1,1
3,5,0x5f092c00,1,1
3,6,0x5f090100,3,1
3,7,0x5f090100,1,1
3,20,0x5f092b00,3,1
3,21,0x5f092c00,3,1
;
1,0,2,2,2
2,3,0,2,2,2
2,4,2,0,2,0
2,5,2,0,2,0
2,16,2,2,2,2
2,17,2,2,0,2
3,0,0x5f093000,2,1
3,3,0x5f092c00,2,1
3,4,0x5f090100,0,1
3,5,0x5f090100,2,1
3,16,0x5f092b00,0,1
3,17,0x5f092c00,0,1
;
1,2,2,2,0
2,1,2,2,2,0
2,2,0,2,0,2
2,3,0,2,0,2
2,12,2,2,2,2
2,13,2,0,2,2
3,0,0x5f093000,3,1
3,1,0x5f092c00,3,1
3,2,0x5f090100,1,1
3,3,0x5f090100,3,1
3,12,0x5f092b00,1,1
3,13,0x5f092c00,1,1
;}
; with T-intersection North
; {
1,0,2,2,2
2,5,2,0,2,0
2,6,2,0,2,0
2,7,0,2,2,2
2,17,2,0,0,0
2,18,2,0,2,2
3,0,0x5f093000,0,0
3,5,0x5f090100,0,0
3,6,0x5f090100,2,0
3,7,0x5f092c00,0,0
3,17,0x5f090200,0,0
3,18,0x5f092d00,2,0
;
1,2,0,2,2
2,1,2,0,2,2
2,7,0,2,0,2
2,8,0,2,0,2
2,21,0,2,0,0
2,22,2,2,0,2
3,0,0x5f093000,1,0
3,1,0x5f092c00,1,0
3,7,0x5f090100,1,0
3,8,0x5f090100,3,0
3,21,0x5f090200,1,0
3,22,0x5f092d00,3,0
;
1,2,2,0,2
2,1,2,0,2,0
2,2,2,0,2,0
2,3,2,2,0,2
2,9,0,0,2,0
2,10,2,2,2,0
3,0,0x5f093000,2,0
3,1,0x5f090100,2,0
3,2,0x5f090100,0,0
3,3,0x5f092c00,2,0
3,9,0x5f090200,2,0
3,10,0x5f092d00,0,0
;
1,2,2,2,0
2,3,0,2,0,2
2,4,0,2,0,2
2,5,2,2,2,0
2,13,0,0,0,2
2,14,0,2,2,2
3,0,0x5f093000,3,0
3,3,0x5f090100,3,0
3,4,0x5f090100,1,0
3,5,0x5f092c00,3,0
3,13,0x5f090200,3,0
3,14,0x5f092d00,1,0
;
1,2,2,0,2
2,1,2,0,2,0
2,7,2,2,0,2
2,8,2,0,2,0
2,9,0,0,2,0
2,24,2,0,2,2
3,0,0x5f093000,0,1
3,1,0x5f090100,0,1
3,7,0x5f092c00,0,1
3,8,0x5f090100,2,1
3,9,0x5f090200,0,1
3,24,0x5f092d00,2,1
;
1,2,0,2,2
2,5,2,0,2,2
2,6,0,2,0,2
2,7,0,2,0,2
2,20,0,2,2,2
2,21,0,2,0,0
3,0,0x5f093000,1,1
3,5,0x5f092c00,1,1
3,6,0x5f090100,3,1
3,7,0x5f090100,1,1
3,20,0x5f092d00,3,1
3,21,0x5f090200,1,1
;
1,0,2,2,2
2,3,0,2,2,2
2,4,2,0,2,0
2,5,2,0,2,0
2,16,2,2,2,0
2,17,2,0,0,0
3,0,0x5f093000,2,1
3,3,0x5f092c00,2,1
3,4,0x5f090100,0,1
3,5,0x5f090100,2,1
3,16,0x5f092d00,0,1
3,17,0x5f090200,2,1
;
1,2,2,2,0
2,1,2,2,2,0
2,2,0,2,0,2
2,3,0,2,0,2
2,12,2,2,0,2
2,13,0,0,0,2
3,0,0x5f093000,3,1
3,1,0x5f092c00,3,1
3,2,0x5f090100,1,1
3,3,0x5f090100,3,1
3,12,0x5f092d00,1,1
3,13,0x5f090200,3,1
;}
; with T-intersection South
; {
1,0,2,2,2
2,5,2,0,2,0
2,6,2,0,2,0
2,7,0,2,2,2
2,17,2,2,0,2
2,18,2,2,2,0
3,0,0x5f093000,0,0
3,5,0x5f090100,0,0
3,6,0x5f090100,2,0
3,7,0x5f092c00,0,0
3,17,0x5f092c00,2,0
3,18,0x5f092e00,2,0
;
1,2,0,2,2
2,1,2,0,2,2
2,7,0,2,0,2
2,8,0,2,0,2
2,21,2,2,2,0
2,22,0,2,2,2
3,0,0x5f093000,1,0
3,1,0x5f092c00,1,0
3,7,0x5f090100,1,0
3,8,0x5f090100,3,0
3,21,0x5f092c00,3,0
3,22,0x5f092e00,3,0
;
1,2,2,0,2
2,1,2,0,2,0
2,2,2,0,2,0
2,3,2,2,0,2
2,9,0,2,2,2
2,10,2,0,2,2
3,0,0x5f093000,2,0
3,1,0x5f090100,2,0
3,2,0x5f090100,0,0
3,3,0x5f092c00,2,0
3,9,0x5f092c00,0,0
3,10,0x5f092e00,0,0
;
1,2,2,2,0
2,3,0,2,0,2
2,4,0,2,0,2
2,5,2,2,2,0
2,13,2,0,2,2
2,14,2,2,0,2
3,0,0x5f093000,3,0
3,3,0x5f090100,3,0
3,4,0x5f090100,1,0
3,5,0x5f092c00,3,0
3,13,0x5f092c00,1,0
3,14,0x5f092e00,1,0
;
1,2,2,0,2
2,1,2,0,2,0
2,7,2,2,0,2
2,8,2,0,2,0
2,9,0,2,2,2
2,24,2,2,2,0
3,0,0x5f093000,0,1
3,1,0x5f090100,0,1
3,7,0x5f092c00,0,1
3,8,0x5f090100,2,1
3,9,0x5f092c00,2,1
3,24,0x5f092e00,2,1
;
1,2,0,2,2
2,5,2,0,2,2
2,6,0,2,0,2
2,7,0,2,0,2
2,20,2,2,0,2
2,21,2,2,2,0
3,0,0x5f093000,1,1
3,5,0x5f092c00,1,1
3,6,0x5f090100,3,1
3,7,0x5f090100,1,1
3,20,0x5f092e00,3,1
3,21,0x5f092c00,3,1
;
1,0,2,2,2
2,3,0,2,2,2
2,4,2,0,2,0
2,5,2,0,2,0
2,16,2,0,2,2
2,17,2,2,0,2
3,0,0x5f093000,2,1
3,3,0x5f092c00,2,1
3,4,0x5f090100,0,1
3,5,0x5f090100,2,1
3,16,0x5f092e00,0,1
3,17,0x5f092c00,0,1
;
1,2,2,2,0
2,1,2,2,2,0
2,2,0,2,0,2
2,3,0,2,0,2
2,12,0,2,2,2
2,13,2,0,2,2
3,0,0x5f093000,3,1
3,1,0x5f092c00,3,1
3,2,0x5f090100,1,1
3,3,0x5f090100,3,1
3,12,0x5f092e00,1,1
3,13,0x5f092c00,1,1
;}
;}
; orthogonal to FAR-3 short curve with orthogonal road +-intersection shifted {
;
1,2,2,0,2
2,1,0,0,2,0
2,7,2,2,2,2
2,8,2,0,2,0
2,9,2,0,0,0
2,24,0,0,2,0
3,0,0x5f092c00,2,0
3,7,0x5f092b00,2,0
;
1,2,2,2,0
2,1,2,2,2,2
2,2,0,2,0,2
2,3,0,0,0,2
2,12,0,0,0,2
2,13,0,2,0,0
3,0,0x5f092c00,3,0
3,1,0x5f092b00,3,0
;
1,0,2,2,2
2,3,2,2,2,2
2,4,2,0,2,0
2,5,2,0,0,0
2,16,2,0,0,0
2,17,0,0,2,0
3,0,0x5f092c00,0,0
3,3,0x5f092b00,0,0
;
1,2,0,2,2
2,5,2,2,2,2
2,6,0,2,0,2
2,7,0,2,0,0
2,20,0,2,0,0
2,21,0,0,0,2
3,0,0x5f092c00,1,0
3,5,0x5f092b00,1,0
;
1,0,2,2,2
2,5,2,0,0,0
2,6,2,0,2,0
2,7,2,2,2,2
2,17,0,0,2,0
2,18,2,0,0,0
3,0,0x5f092c00,2,1
3,7,0x5f092b00,2,1
;
1,2,2,2,0
2,3,0,0,0,2
2,4,0,2,0,2
2,5,2,2,2,2
2,13,0,2,0,0
2,14,0,0,0,2
3,0,0x5f092c00,3,1
3,5,0x5f092b00,3,1
;
1,2,2,0,2
2,1,0,0,2,0
2,2,2,0,2,0
2,3,2,2,2,2
2,9,2,0,0,0
2,10,0,0,2,0
3,0,0x5f092c00,0,1
3,3,0x5f092b00,0,1
;
1,2,0,2,2
2,1,2,2,2,2
2,7,0,2,0,0
2,8,0,2,0,2
2,21,0,0,0,2
2,22,0,2,0,0
3,0,0x5f092c00,1,1
3,1,0x5f092b00,1,1
;}
; orthogonal to FAR-3 short curve with orthogonal road T-intersection North shifted {
;
1,2,2,0,2
2,1,0,0,2,0
2,7,2,2,2,0
2,8,2,0,2,0
2,9,2,0,0,0
2,24,0,0,2,0
3,0,0x5f092c00,2,0
3,7,0x5f092e00,2,0
;
1,2,2,2,0
2,1,0,2,2,2
2,2,0,2,0,2
2,3,0,0,0,2
2,12,0,0,0,2
2,13,0,2,0,0
3,0,0x5f092c00,3,0
3,1,0x5f092e00,3,0
;
1,0,2,2,2
2,3,2,0,2,2
2,4,2,0,2,0
2,5,2,0,0,0
2,16,2,0,0,0
2,17,0,0,2,0
3,0,0x5f092c00,0,0
3,3,0x5f092e00,0,0
;
1,2,0,2,2
2,5,2,2,0,2
2,6,0,2,0,2
2,7,0,2,0,0
2,20,0,2,0,0
2,21,0,0,0,2
3,0,0x5f092c00,1,0
3,5,0x5f092e00,1,0
;
1,0,2,2,2
2,5,2,0,0,0
2,6,2,0,2,0
2,7,2,2,2,0
2,17,0,0,2,0
2,18,2,0,0,0
3,0,0x5f092c00,2,1
3,7,0x5f092e00,2,1
;
1,2,2,2,0
2,3,0,0,0,2
2,4,0,2,0,2
2,5,2,2,0,2
2,13,0,2,0,0
2,14,0,0,0,2
3,0,0x5f092c00,3,1
3,5,0x5f092e00,3,1
;
1,2,2,0,2
2,1,0,0,2,0
2,2,2,0,2,0
2,3,2,0,2,2
2,9,2,0,0,0
2,10,0,0,2,0
3,0,0x5f092c00,0,1
3,3,0x5f092e00,0,1
;
1,2,0,2,2
2,1,0,2,2,2
2,7,0,2,0,0
2,8,0,2,0,2
2,21,0,0,0,2
2,22,0,2,0,0
3,0,0x5f092c00,1,1
3,1,0x5f092e00,1,1
;}
; orthogonal to FAR-3 short curve with orthogonal road T-intersection South shifted {
;
1,2,0,0,0
2,1,0,0,2,0
2,7,2,0,2,2
2,8,2,0,2,0
2,9,2,0,0,0
2,24,0,0,2,0
3,0,0x5f090200,0,0
3,7,0x5f092d00,2,0
;
1,0,2,0,0
2,1,2,2,0,2
2,2,0,2,0,2
2,3,0,0,0,2
2,12,0,0,0,2
2,13,0,2,0,0
3,0,0x5f090200,1,0
3,1,0x5f092d00,3,0
;
1,0,0,2,0
2,3,2,2,2,0
2,4,2,0,2,0
2,5,2,0,0,0
2,16,2,0,0,0
2,17,0,0,2,0
3,0,0x5f090200,2,0
3,3,0x5f092d00,0,0
;
1,0,0,0,2
2,5,0,2,2,2
2,6,0,2,0,2
2,7,0,2,0,0
2,20,0,2,0,0
2,21,0,0,0,2
3,0,0x5f090200,3,0
3,5,0x5f092d00,1,0
;
1,0,0,2,0
2,5,2,0,0,0
2,6,2,0,2,0
2,7,2,0,2,2
2,17,0,0,2,0
2,18,2,0,0,0
3,0,0x5f090200,0,1
3,7,0x5f092d00,2,1
;
1,0,2,0,0
2,3,0,0,0,2
2,4,0,2,0,2
2,5,0,2,2,2
2,13,0,2,0,0
2,14,0,0,0,2
3,0,0x5f090200,1,1
3,5,0x5f092d00,3,1
;
1,2,0,0,0
2,1,0,0,2,0
2,2,2,0,2,0
2,3,2,2,2,0
2,9,2,0,0,0
2,10,0,0,2,0
3,0,0x5f090200,2,1
3,3,0x5f092d00,0,1
;
1,0,0,0,2
2,1,2,2,0,2
2,7,0,2,0,0
2,8,0,2,0,2
2,21,0,0,0,2
2,22,0,2,0,0
3,0,0x5f090200,3,1
3,1,0x5f092d00,1,1
;}
;}
; End of FAR-3 Section
;---------------------------
