;
;-Additional MRC Setups
;
;<-Curve-(2x4)_Degree_Flex>
;
1,2,4,4,0
2,1,0,4,2,0
2,2,2,0,2,4
2,3,2,0,0,4
2,5,4,0,0,1
2,10,2,0,2,0
3,0,0x5f097700,0,0
3,1,0x5f097600,0,0
3,2,0x5f097400,0,0
3,3,0x5f097500,0,0
3,5,0x5f097800,0,0
3,10,0x5f097300,0,0
;
1,0,2,4,4
2,3,0,0,4,2
2,4,4,2,0,2
2,5,4,2,0,0
2,7,1,4,0,0
2,14,0,2,0,2
3,0,0x5f097700,1,0
3,3,0x5f097600,1,0
3,4,0x5f097400,1,0
3,5,0x5f097500,1,0
3,7,0x5f097800,1,0
3,14,0x5f097300,1,0
;
1,4,0,2,4
2,1,0,1,4,0
2,5,2,0,0,4
2,6,2,4,2,0
2,7,0,4,2,0
2,18,2,0,2,0
3,0,0x5f097700,2,0
3,1,0x5f097800,2,0
3,5,0x5f097600,2,0
3,6,0x5f097400,2,0
3,7,0x5f097500,2,0
3,18,0x5f097300,2,0
;
1,4,4,0,2
2,1,0,0,4,2
2,3,0,0,1,4
2,7,4,2,0,0
2,8,0,2,4,2
2,22,0,2,0,2
3,0,0x5f097700,3,0
3,1,0x5f097500,3,0
3,3,0x5f097800,3,0
3,7,0x5f097600,3,0
3,8,0x5f097400,3,0
3,22,0x5f097300,3,0
;
1,4,4,2,0
2,1,0,0,4,3
2,3,0,0,2,4
2,4,2,0,2,4
2,5,2,4,0,0
2,16,2,0,2,0
3,0,0x5f097700,0,1
3,1,0x5f097800,0,1
3,3,0x5f097500,0,1
3,4,0x5f097400,0,1
3,5,0x5f097600,0,1
3,16,0x5f097300,0,1
;
1,4,2,0,4
2,1,0,2,4,0
2,2,0,2,4,2
2,3,4,0,0,2
2,7,0,4,3,0
2,12,0,2,0,2
3,0,0x5f097700,1,1
3,1,0x5f097500,1,1
3,2,0x5f097400,1,1
3,3,0x5f097600,1,1
3,7,0x5f097800,1,1
3,12,0x5f097300,1,1
;
1,2,0,4,4
2,1,0,0,2,4
2,5,4,3,0,0
2,7,2,4,0,0
2,8,2,4,2,0
2,24,2,0,2,0
3,0,0x5f097700,2,1
3,1,0x5f097600,2,1
3,5,0x5f097800,2,1
3,7,0x5f097500,2,1
3,8,0x5f097400,2,1
3,24,0x5f097300,2,1
;
1,0,4,4,2
2,3,3,0,0,4
2,5,4,0,0,2
2,6,4,2,0,2
2,7,0,2,4,0
2,20,0,2,0,2
3,0,0x5f097700,3,1
3,3,0x5f097800,3,1
3,5,0x5f097500,3,1
3,6,0x5f097400,3,1
3,7,0x5f097600,3,1
3,20,0x5f097300,3,1
;
;[NWM Section]
;
;<>--TLA-3 R3
;
;<>--Section-1
;
1,2,0,2,4
2,1,2,0,2,4
2,5,2,0,0,4
2,6,2,4,4,4
2,7,2,4,2,0
2,8,0,4,2,0
2,9,2,0,2,0
2,18,4,0,0,4
2,19,4,4,3,0
2,20,0,4,4,0
3,0,0x51903200,0,0
3,1,0x51903100,0,0
3,5,0x51903300,0,0
3,7,0x51903500,0,0
3,8,0x51903400,0,0
3,9,0x51903000,0,0
;
1,4,2,0,2
2,1,0,2,4,2
2,2,0,0,4,2
2,3,4,2,0,2
2,7,4,2,0,0
2,8,4,2,4,4
2,13,0,2,0,2
2,22,4,4,0,0
2,23,0,4,4,3
2,24,0,0,4,4
3,0,0x51903200,1,0
3,1,0x51903500,1,0
3,2,0x51903400,1,0
3,3,0x51903100,1,0
3,7,0x51903300,1,0
3,13,0x51903000,1,0
;
1,2,4,2,0
2,1,0,4,2,0
2,2,4,4,2,4
2,3,2,0,2,4
2,4,2,0,0,4
2,5,2,4,2,0
2,10,0,4,4,0
2,11,3,0,4,4
2,12,4,0,0,4
2,17,2,0,2,0
3,0,0x51903200,2,0
3,1,0x51903300,2,0
3,3,0x51903500,2,0
3,4,0x51903400,2,0
3,5,0x51903100,2,0
3,17,0x51903000,2,0
;
1,0,2,4,2
2,3,0,0,4,2
2,4,4,4,4,2
2,5,4,2,0,2
2,6,4,2,0,0
2,7,0,2,4,2
2,14,0,0,4,4
2,15,4,3,0,4
2,16,4,4,0,0
2,21,0,2,0,2
3,0,0x51903200,3,0
3,3,0x51903300,3,0
3,5,0x51903500,3,0
3,6,0x51903400,3,0
3,7,0x51903100,3,0
3,21,0x51903000,3,0
;
1,2,0,2,4
2,1,0,0,2,4
2,5,2,0,2,4
2,6,2,4,0,0
2,7,2,4,2,0
2,8,4,4,2,4
2,17,2,0,2,0
2,22,4,4,0,0
2,23,1,4,4,0
2,24,0,0,4,4
3,0,0x51903200,0,1
3,1,0x51903300,0,1
3,5,0x51903100,0,1
3,6,0x51903400,0,1
3,7,0x51903500,0,1
3,17,0x51903000,0,1
;
1,0,2,4,2
2,3,0,2,4,2
2,4,4,0,0,2
2,5,4,2,0,2
2,6,4,2,4,4
2,7,0,2,4,0
2,13,0,2,0,2
2,18,4,0,0,4
2,19,4,4,0,1
2,20,0,4,4,0
3,0,0x51903200,1,1
3,3,0x51903100,1,1
3,4,0x51903400,1,1
3,5,0x51903500,1,1
3,7,0x51903300,1,1
3,13,0x51903000,1,1
;
1,2,4,2,0
2,1,2,4,2,0
2,2,0,0,2,4
2,3,2,0,2,4
2,4,2,4,4,4
2,5,2,4,0,0
2,9,2,0,2,0
2,14,0,0,4,4
2,15,4,0,1,4
2,16,4,4,0,0
3,0,0x51903200,2,1
3,1,0x51903100,2,1
3,2,0x51903400,2,1
3,3,0x51903500,2,1
3,5,0x51903300,2,1
3,9,0x51903000,2,1
;
1,4,2,0,2
2,1,0,2,4,2
2,2,4,4,4,2
2,3,4,0,0,2
2,7,4,2,0,2
2,8,0,2,4,0
2,10,0,4,4,0
2,11,0,1,4,4
2,12,4,0,0,4
2,21,0,2,0,2
3,0,0x51903200,3,1
3,1,0x51903500,3,1
3,3,0x51903300,3,1
3,7,0x51903100,3,1
3,8,0x51903400,3,1
3,21,0x51903000,3,1
;
;<>--Section-2
;
1,2,4,4,4
2,1,2,4,2,0
2,2,2,0,2,4
2,3,2,0,0,4
2,5,4,0,0,4
2,6,4,4,3,0
2,7,0,4,4,0
2,18,3,0,0,1
3,0,0x51903600,0,0
3,5,0x51903700,0,0
3,6,0x51903900,0,0
3,7,0x51903800,0,0
3,18,0x51903a00,0,0
;
1,4,2,4,4
2,1,0,0,4,4
2,3,0,2,4,2
2,4,4,2,0,2
2,5,4,2,0,0
2,7,4,4,0,0
2,8,0,4,4,3
2,22,1,3,0,0
3,0,0x51903600,1,0
3,1,0x51903800,1,0
3,7,0x51903700,1,0
3,8,0x51903900,1,0
3,22,0x51903a00,1,0
;
1,4,4,2,4
2,1,0,4,4,0
2,2,3,0,4,4
2,3,4,0,0,4
2,5,2,0,2,4
2,6,2,4,2,0
2,7,0,4,2,0
2,10,0,1,3,0
3,0,0x51903600,2,0
3,1,0x51903700,2,0
3,2,0x51903900,2,0
3,3,0x51903800,2,0
3,10,0x51903a00,2,0
;
1,4,4,4,2
2,1,0,0,4,2
2,3,0,0,4,4
2,4,4,3,0,4
2,5,4,4,0,0
2,7,4,2,0,2
2,8,0,2,4,2
2,14,0,0,1,3
3,0,0x51903600,3,0
3,3,0x51903700,3,0
3,4,0x51903900,3,0
3,5,0x51903800,3,0
3,14,0x51903a00,3,0
;
1,4,4,2,4
2,1,0,0,4,4
2,3,0,0,2,4
2,4,2,0,2,4
2,5,2,4,2,0
2,7,4,4,0,0
2,8,1,4,4,0
2,24,0,0,1,3
3,0,0x51903600,0,1
3,1,0x51903700,0,1
3,7,0x51903800,0,1
3,8,0x51903900,0,1
3,24,0x51903a00,0,1
;
1,4,2,4,4
2,1,0,2,4,0
2,2,0,2,4,2
2,3,4,2,0,2
2,5,4,0,0,4
2,6,4,4,0,1
2,7,0,4,4,0
2,20,0,1,3,0
3,0,0x51903600,1,1
3,5,0x51903800,1,1
3,6,0x51903900,1,1
3,7,0x51903700,1,1
3,20,0x51903a00,1,1
;
1,2,4,4,4
2,1,2,0,2,4
2,3,0,0,4,4
2,4,4,0,1,4
2,5,4,4,0,0
2,7,2,4,0,0
2,8,2,4,2,0
2,16,1,3,0,0
3,0,0x51903600,2,1
3,3,0x51903800,2,1
3,4,0x51903900,2,1
3,5,0x51903700,2,1
3,16,0x51903a00,2,1
;
1,4,4,4,2
2,1,0,4,4,0
2,2,0,1,4,4
2,3,4,0,0,4
2,5,4,0,0,2
2,6,4,2,0,2
2,7,0,2,4,2
2,12,3,0,0,1
3,0,0x51903600,3,1
3,1,0x51903800,3,1
3,2,0x51903900,3,1
3,3,0x51903700,3,1
3,12,0x51903a00,3,1
;
;<>--TLA-3 R4
;
;<>--Section-1
;
1,2,0,2,4
2,1,2,0,2,4
2,5,2,0,0,4
2,6,2,4,4,0
2,7,2,4,2,0
2,8,0,4,2,0
2,9,2,0,2,0
2,18,4,0,2,4
2,19,0,4,2,0
3,0,0x51904200,0,0
3,1,0x51904100,0,0
3,5,0x51904300,0,0
3,6,0x51904600,0,0
3,7,0x51904500,0,0
3,8,0x51904400,0,0
3,9,0x51904000,0,0
;
1,4,2,0,2
2,1,0,2,4,2
2,2,0,0,4,2
2,3,4,2,0,2
2,7,4,2,0,0
2,8,0,2,4,4
2,13,0,2,0,2
2,22,4,4,0,2
2,23,0,0,4,2
3,0,0x51904200,1,0
3,1,0x51904500,1,0
3,2,0x51904400,1,0
3,3,0x51904100,1,0
3,7,0x51904300,1,0
3,8,0x51904600,1,0
3,13,0x51904000,1,0
;
1,2,4,2,0
2,1,0,4,2,0
2,2,4,0,2,4
2,3,2,0,2,4
2,4,2,0,0,4
2,5,2,4,2,0
2,10,2,4,4,0
2,11,2,0,0,4
2,17,2,0,2,0
3,0,0x51904200,2,0
3,1,0x51904300,2,0
3,2,0x51904600,2,0
3,3,0x51904500,2,0
3,4,0x51904400,2,0
3,5,0x51904100,2,0
3,17,0x51904000,2,0
;
1,0,2,4,2
2,3,0,0,4,2
2,4,4,4,0,2
2,5,4,2,0,2
2,6,4,2,0,0
2,7,0,2,4,2
2,14,0,2,4,4
2,15,4,2,0,0
2,21,0,2,0,2
3,0,0x51904200,3,0
3,3,0x51904300,3,0
3,4,0x51904600,3,0
3,5,0x51904500,3,0
3,6,0x51904400,3,0
3,7,0x51904100,3,0
3,21,0x51904000,3,0
;
1,2,0,2,4
2,1,0,0,2,4
2,5,2,0,2,4
2,6,2,4,0,0
2,7,2,4,2,0
2,8,4,4,2,0
2,17,2,0,2,0
2,23,2,4,0,0
2,24,2,0,4,4
3,0,0x51904200,0,1
3,1,0x51904300,0,1
3,5,0x51904100,0,1
3,6,0x51904400,0,1
3,7,0x51904500,0,1
3,8,0x51904600,0,1
3,17,0x51904000,0,1
;
1,0,2,4,2
2,3,0,2,4,2
2,4,4,0,0,2
2,5,4,2,0,2
2,6,4,2,0,4
2,7,0,2,4,0
2,13,0,2,0,2
2,19,4,0,0,2
2,20,0,4,4,2
3,0,0x51904200,1,1
3,3,0x51904100,1,1
3,4,0x51904400,1,1
3,5,0x51904500,1,1
3,6,0x51904600,1,1
3,7,0x51904300,1,1
3,13,0x51904000,1,1
;
1,2,4,2,0
2,1,2,4,2,0
2,2,0,0,2,4
2,3,2,0,2,4
2,4,2,0,4,4
2,5,2,4,0,0
2,9,2,0,2,0
2,15,0,0,2,4
2,16,4,4,2,0
3,0,0x51904200,2,1
3,1,0x51904100,2,1
3,2,0x51904400,2,1
3,3,0x51904500,2,1
3,4,0x51904600,2,1
3,5,0x51904300,2,1
3,9,0x51904000,2,1
;
1,4,2,0,2
2,1,0,2,4,2
2,2,0,4,4,2
2,3,4,0,0,2
2,7,4,2,0,2
2,8,0,2,4,0
2,11,0,2,4,0
2,12,4,2,0,4
2,21,0,2,0,2
3,0,0x51904200,3,1
3,1,0x51904500,3,1
3,2,0x51904600,3,1
3,3,0x51904300,3,1
3,7,0x51904100,3,1
3,8,0x51904400,3,1
3,21,0x51904000,3,1
;
;<>--Section-2
;
1,2,4,4,0
2,1,0,4,2,0
2,2,4,0,2,4
2,3,2,0,0,4
2,5,4,0,0,1
2,6,0,1,3,0
2,10,2,4,4,0
2,11,2,0,0,4
3,0,0x51904a00,0,0
3,1,0x51904900,0,0
3,2,0x51904700,0,0
3,3,0x51904800,0,0
3,5,0x51904b00,0,0
3,6,0x51904c00,0,0
;
1,0,2,4,4
2,3,0,0,4,2
2,4,4,4,0,2
2,5,4,2,0,0
2,7,1,4,0,0
2,8,0,0,1,3
2,14,0,2,4,4
2,15,4,2,0,0
3,0,0x51904a00,1,0
3,3,0x51904900,1,0
3,4,0x51904700,1,0
3,5,0x51904800,1,0
3,7,0x51904b00,1,0
3,8,0x51904c00,1,0
;
1,4,0,2,4
2,1,0,1,4,0
2,2,3,0,0,1
2,5,2,0,0,4
2,6,2,4,4,0
2,7,0,4,2,0
2,18,4,0,2,4
2,19,0,4,2,0
3,0,0x51904a00,2,0
3,1,0x51904b00,2,0
3,2,0x51904c00,2,0
3,5,0x51904900,2,0
3,6,0x51904700,2,0
3,7,0x51904800,2,0
;
1,4,4,0,2
2,1,0,0,4,2
2,3,0,0,1,4
2,4,1,3,0,0
2,7,4,2,0,0
2,8,0,2,4,4
2,22,4,4,0,2
2,23,0,0,4,2
3,0,0x51904a00,3,0
3,1,0x51904800,3,0
3,3,0x51904b00,3,0
3,4,0x51904c00,3,0
3,7,0x51904900,3,0
3,8,0x51904700,3,0
;
1,4,4,2,0
2,1,0,0,4,3
2,3,0,0,2,4
2,4,2,0,4,4
2,5,2,4,0,0
2,8,1,3,0,0
2,15,0,0,2,4
2,16,4,4,2,0
3,0,0x51904a00,0,1
3,1,0x51904b00,0,1
3,3,0x51904800,0,1
3,4,0x51904700,0,1
3,5,0x51904900,0,1
3,8,0x51904c00,0,1
;
1,4,2,0,4
2,1,0,2,4,0
2,2,0,4,4,2
2,3,4,0,0,2
2,6,3,0,0,1
2,7,0,4,3,0
2,11,0,2,4,0
2,12,4,2,0,4
3,0,0x51904a00,1,1
3,1,0x51904800,1,1
3,2,0x51904700,1,1
3,3,0x51904900,1,1
3,6,0x51904c00,1,1
3,7,0x51904b00,1,1
;
1,2,0,4,4
2,1,0,0,2,4
2,4,0,0,1,3
2,5,4,3,0,0
2,7,2,4,0,0
2,8,4,4,2,0
2,23,2,4,0,0
2,24,2,0,4,4
3,0,0x51904a00,2,1
3,1,0x51904900,2,1
3,4,0x51904c00,2,1
3,5,0x51904b00,2,1
3,7,0x51904800,2,1
3,8,0x51904700,2,1
;
1,0,4,4,2
2,2,0,1,3,0
2,3,3,0,0,4
2,5,4,0,0,2
2,6,4,2,0,4
2,7,0,2,4,0
2,19,4,0,0,2
2,20,0,4,4,2
3,0,0x51904a00,3,1
3,2,0x51904c00,3,1
3,3,0x51904b00,3,1
3,5,0x51904800,3,1
3,6,0x51904700,3,1
3,7,0x51904900,3,1
;
;<>--TLA-3 R5
;
;<>--Section-1
;
1,2,0,2,4
2,1,2,0,2,4
2,5,2,0,2,4
2,6,2,4,2,0
2,7,2,4,2,0
2,8,0,4,2,0
2,9,2,0,2,0
2,17,2,0,0,4
2,18,2,4,4,0
3,0,0x51905200,0,0
3,1,0x51905100,0,0
3,5,0x51905300,0,0
3,6,0x51905700,0,0
3,7,0x51905600,0,0
3,8,0x51905500,0,0
3,9,0x51905000,0,0
3,17,0x51905400,0,0
3,18,0x51905800,0,0
;
1,4,2,0,2
2,1,0,2,4,2
2,2,0,0,4,2
2,3,4,2,0,2
2,7,4,2,0,2
2,8,0,2,4,2
2,13,0,2,0,2
2,21,4,2,0,0
2,22,0,2,4,4
3,0,0x51905200,1,0
3,1,0x51905600,1,0
3,2,0x51905500,1,0
3,3,0x51905100,1,0
3,7,0x51905300,1,0
3,8,0x51905700,1,0
3,13,0x51905000,1,0
3,21,0x51905400,1,0
3,22,0x51905800,1,0
;
1,2,4,2,0
2,1,2,4,2,0
2,2,2,0,2,4
2,3,2,0,2,4
2,4,2,0,0,4
2,5,2,4,2,0
2,9,0,4,2,0
2,10,4,0,2,4
2,17,2,0,2,0
3,0,0x51905200,2,0
3,1,0x51905300,2,0
3,2,0x51905700,2,0
3,3,0x51905600,2,0
3,4,0x51905500,2,0
3,5,0x51905100,2,0
3,9,0x51905400,2,0
3,10,0x51905800,2,0
3,17,0x51905000,2,0
;
1,0,2,4,2
2,3,0,2,4,2
2,4,4,2,0,2
2,5,4,2,0,2
2,6,4,2,0,0
2,7,0,2,4,2
2,13,0,0,4,2
2,14,4,4,0,2
2,21,0,2,0,2
3,0,0x51905200,3,0
3,3,0x51905300,3,0
3,4,0x51905700,3,0
3,5,0x51905600,3,0
3,6,0x51905500,3,0
3,7,0x51905100,3,0
3,13,0x51905400,3,0
3,14,0x51905800,3,0
3,21,0x51905000,3,0
;
1,2,0,2,4
2,1,2,0,2,4
2,5,2,0,2,4
2,6,2,4,0,0
2,7,2,4,2,0
2,8,2,4,2,0
2,9,0,0,2,4
2,17,2,0,2,0
2,24,4,4,2,0
3,0,0x51905200,0,1
3,1,0x51905300,0,1
3,5,0x51905100,0,1
3,6,0x51905500,0,1
3,7,0x51905600,0,1
3,8,0x51905700,0,1
3,9,0x51905400,0,1
3,17,0x51905000,0,1
3,24,0x51905800,0,1
;
1,0,2,4,2
2,3,0,2,4,2
2,4,4,0,0,2
2,5,4,2,0,2
2,6,4,2,0,2
2,7,0,2,4,2
2,13,0,2,0,2
2,20,4,2,0,4
2,21,0,2,4,0
3,0,0x51905200,1,1
3,3,0x51905100,1,1
3,4,0x51905500,1,1
3,5,0x51905600,1,1
3,6,0x51905700,1,1
3,7,0x51905300,1,1
3,13,0x51905000,1,1
3,20,0x51905800,1,1
3,21,0x51905400,1,1
;
1,2,4,2,0
2,1,2,4,2,0
2,2,0,0,2,4
2,3,2,0,2,4
2,4,2,0,2,4
2,5,2,4,2,0
2,9,2,0,2,0
2,16,2,0,4,4
2,17,2,4,0,0
3,0,0x51905200,2,1
3,1,0x51905100,2,1
3,2,0x51905500,2,1
3,3,0x51905600,2,1
3,4,0x51905700,2,1
3,5,0x51905300,2,1
3,9,0x51905000,2,1
3,16,0x51905800,2,1
3,17,0x51905400,2,1
;
1,4,2,0,2
2,1,0,2,4,2
2,2,0,2,4,2
2,3,4,2,0,2
2,7,4,2,0,2
2,8,0,2,4,0
2,12,0,4,4,2
2,13,4,0,0,2
2,21,0,2,0,2
3,0,0x51905200,3,1
3,1,0x51905600,3,1
3,2,0x51905700,3,1
3,3,0x51905300,3,1
3,7,0x51905100,3,1
3,8,0x51905500,3,1
3,12,0x51905800,3,1
3,13,0x51905400,3,1
3,21,0x51905000,3,1
;
;<>--Section-2
;
1,2,4,2,4
2,1,0,4,2,0
2,2,4,0,2,4
2,3,2,0,0,4
2,5,2,0,0,4
2,6,2,4,4,0
2,7,0,4,2,0
2,10,2,4,4,0
2,11,2,0,0,4
2,18,4,0,0,1
2,19,0,1,3,0
3,0,0x51906300,0,0
3,1,0x51906200,0,0
3,2,0x51906000,0,0
3,3,0x51906100,0,0
3,5,0x51906400,0,0
3,6,0x51906600,0,0
3,7,0x51906500,0,0
3,18,0x51906700,0,0
3,19,0x51906800,0,0
;
1,4,2,4,2
2,1,0,0,4,2
2,3,0,0,4,2
2,4,4,4,0,2
2,5,4,2,0,0
2,7,4,2,0,0
2,8,0,2,4,4
2,14,0,2,4,4
2,15,4,2,0,0
2,22,1,4,0,0
2,23,0,0,1,3
3,0,0x51906300,1,0
3,1,0x51906500,1,0
3,3,0x51906200,1,0
3,4,0x51906000,1,0
3,5,0x51906100,1,0
3,7,0x51906400,1,0
3,8,0x51906600,1,0
3,22,0x51906700,1,0
3,23,0x51906800,1,0
;
1,2,4,2,4
2,1,0,4,2,0
2,2,4,0,2,4
2,3,2,0,0,4
2,5,2,0,0,4
2,6,2,4,4,0
2,7,0,4,2,0
2,10,0,1,4,0
2,11,3,0,0,1
2,18,4,0,2,4
2,19,0,4,2,0
3,0,0x51906300,2,0
3,1,0x51906400,2,0
3,2,0x51906600,2,0
3,3,0x51906500,2,0
3,5,0x51906200,2,0
3,6,0x51906000,2,0
3,7,0x51906100,2,0
3,10,0x51906700,2,0
3,11,0x51906800,2,0
;
1,4,2,4,2
2,1,0,0,4,2
2,3,0,0,4,2
2,4,4,4,0,2
2,5,4,2,0,0
2,7,4,2,0,0
2,8,0,2,4,4
2,14,0,0,1,4
2,15,1,3,0,0
2,22,4,4,0,2
2,23,0,0,4,2
3,0,0x51906300,3,0
3,1,0x51906100,3,0
3,3,0x51906400,3,0
3,4,0x51906600,3,0
3,5,0x51906500,3,0
3,7,0x51906200,3,0
3,8,0x51906000,3,0
3,14,0x51906700,3,0
3,15,0x51906800,3,0
;
1,2,4,2,4
2,1,0,0,2,4
2,3,0,0,2,4
2,4,2,0,4,4
2,5,2,4,0,0
2,7,2,4,0,0
2,8,4,4,2,0
2,15,0,0,2,4
2,16,4,4,2,0
2,23,1,3,0,0
2,24,0,0,4,3
3,0,0x51906300,0,1
3,1,0x51906400,0,1
3,3,0x51906100,0,1
3,4,0x51906000,0,1
3,5,0x51906200,0,1
3,7,0x51906500,0,1
3,8,0x51906600,0,1
3,23,0x51906800,0,1
3,24,0x51906700,0,1
;
1,4,2,4,2
2,1,0,2,4,0
2,2,0,4,4,2
2,3,4,0,0,2
2,5,4,0,0,2
2,6,4,2,0,4
2,7,0,2,4,0
2,11,0,2,4,0
2,12,4,2,0,4
2,19,3,0,0,1
2,20,0,4,3,0
3,0,0x51906300,1,1
3,1,0x51906100,1,1
3,2,0x51906000,1,1
3,3,0x51906200,1,1
3,5,0x51906500,1,1
3,6,0x51906600,1,1
3,7,0x51906400,1,1
3,19,0x51906800,1,1
3,20,0x51906700,1,1
;
1,2,4,2,4
2,1,0,0,2,4
2,3,0,0,2,4
2,4,2,0,4,4
2,5,2,4,0,0
2,7,2,4,0,0
2,8,4,4,2,0
2,15,0,0,1,3
2,16,4,3,0,0
2,23,2,4,0,0
2,24,2,0,4,4
3,0,0x51906300,2,1
3,1,0x51906200,2,1
3,3,0x51906500,2,1
3,4,0x51906600,2,1
3,5,0x51906400,2,1
3,7,0x51906100,2,1
3,8,0x51906000,2,1
3,15,0x51906800,2,1
3,16,0x51906700,2,1
;
1,4,2,4,2
2,1,0,2,4,0
2,2,0,4,4,2
2,3,4,0,0,2
2,5,4,0,0,2
2,6,4,2,0,4
2,7,0,2,4,0
2,11,0,1,3,0
2,12,3,0,0,4
2,19,4,0,0,2
2,20,0,4,4,2
3,0,0x51906300,3,1
3,1,0x51906500,3,1
3,2,0x51906600,3,1
3,3,0x51906400,3,1
3,5,0x51906100,3,1
3,6,0x51906000,3,1
3,7,0x51906200,3,1
3,11,0x51906800,3,1
3,12,0x51906700,3,1
;
;<>--RD-4 R3
;
;<>--Section-1
;
;
1,2,4,2,4
2,1,2,4,2,0
2,2,2,0,2,4
2,3,2,0,0,4
2,5,2,0,2,4
2,6,2,4,2,0
2,7,0,4,2,0
2,9,2,4,2,0
2,10,2,0,2,4
2,17,2,0,0,4
2,18,2,4,4,4
2,19,0,4,3,0
3,0,0x519b3500,0,0
3,1,0x519b3400,0,0
3,2,0x519b3100,0,0
3,3,0x519b3200,0,0
3,9,0x519b3300,0,0
3,10,0x519b3000,0,0
;
1,4,2,4,2
2,1,0,0,4,2
2,3,0,2,4,2
2,4,4,2,0,2
2,5,4,2,0,0
2,7,4,2,0,2
2,8,0,2,4,2
2,13,0,2,4,2
2,14,4,2,0,2
2,21,4,2,0,0
2,22,4,2,4,4
2,23,0,0,4,3
3,0,0x519b3500,1,0
3,3,0x519b3400,1,0
3,4,0x519b3100,1,0
3,5,0x519b3200,1,0
3,13,0x519b3300,1,0
3,14,0x519b3000,1,0
;
1,2,4,2,4
2,1,2,4,2,0
2,2,2,0,2,4
2,3,2,0,0,4
2,5,2,0,2,4
2,6,2,4,2,0
2,7,0,4,2,0
2,9,0,4,2,0
2,10,4,4,2,4
2,11,3,0,0,4
2,17,2,0,2,4
2,18,2,4,2,0
3,0,0x519b3500,2,0
3,5,0x519b3400,2,0
3,6,0x519b3100,2,0
3,7,0x519b3200,2,0
3,17,0x519b3300,2,0
3,18,0x519b3000,2,0
;
1,4,2,4,2
2,1,0,0,4,2
2,3,0,2,4,2
2,4,4,2,0,2
2,5,4,2,0,0
2,7,4,2,0,2
2,8,0,2,4,2
2,13,0,0,4,2
2,14,4,4,4,2
2,15,4,3,0,0
2,21,4,2,0,2
2,22,0,2,4,2
3,0,0x519b3500,3,0
3,1,0x519b3200,3,0
3,7,0x519b3400,3,0
3,8,0x519b3100,3,0
3,21,0x519b3300,3,0
3,22,0x519b3000,3,0
;
1,2,4,2,4
2,1,2,0,2,4
2,3,0,0,2,4
2,4,2,0,2,4
2,5,2,4,2,0
2,7,2,4,0,0
2,8,2,4,2,0
2,9,0,0,2,4
2,16,2,0,2,4
2,17,2,4,2,0
2,23,1,4,0,0
2,24,4,4,2,4
3,0,0x519b3500,0,1
3,3,0x519b3200,0,1
3,4,0x519b3100,0,1
3,5,0x519b3400,0,1
3,16,0x519b3000,0,1
3,17,0x519b3300,0,1
;
1,4,2,4,2
2,1,0,2,4,0
2,2,0,2,4,2
2,3,4,2,0,2
2,5,4,0,0,2
2,6,4,2,0,2
2,7,0,2,4,2
2,12,0,2,4,2
2,13,4,2,0,2
2,19,4,0,0,1
2,20,4,2,4,4
2,21,0,2,4,0
3,0,0x519b3500,1,1
3,1,0x519b3200,1,1
3,2,0x519b3100,1,1
3,3,0x519b3400,1,1
3,12,0x519b3000,1,1
3,13,0x519b3300,1,1
;
1,2,4,2,4
2,1,2,0,2,4
2,3,0,0,2,4
2,4,2,0,2,4
2,5,2,4,2,0
2,7,2,4,0,0
2,8,2,4,2,0
2,9,2,0,2,4
2,15,0,0,1,4
2,16,2,4,4,4
2,17,2,4,0,0
2,24,2,4,2,0
3,0,0x519b3500,2,1
3,1,0x519b3400,2,1
3,7,0x519b3200,2,1
3,8,0x519b3100,2,1
3,9,0x519b3300,2,1
3,24,0x519b3000,2,1
;
1,4,2,4,2
2,1,0,2,4,0
2,2,0,2,4,2
2,3,4,2,0,2
2,5,4,0,0,2
2,6,4,2,0,2
2,7,0,2,4,2
2,11,0,1,4,0
2,12,4,4,4,2
2,13,4,0,0,2
2,20,4,2,0,2
2,21,0,2,4,2
3,0,0x519b3500,3,1
3,5,0x519b3200,3,1
3,6,0x519b3100,3,1
3,7,0x519b3400,3,1
3,20,0x519b3000,3,1
3,21,0x519b3300,3,1
;
;<>--Section-2
;
1,2,4,4,4
2,1,2,4,2,0
2,2,2,0,2,4
2,3,2,0,0,4
2,5,4,0,0,1
2,6,3,1,3,1
2,7,0,4,3,0
2,9,0,4,2,0
2,10,2,4,2,4
2,11,2,0,0,4
3,0,0x519b3a00,0,0
3,1,0x519b3900,0,0
3,2,0x519b3600,0,0
3,3,0x519b3700,0,0
3,5,0x519b3b00,0,0
3,6,0x519b3d00,0,0
3,7,0x519b3c00,0,0
3,9,0x519b3800,0,0
;
1,4,2,4,4
2,1,0,0,4,3
2,3,0,2,4,2
2,4,4,2,0,2
2,5,4,2,0,0
2,7,1,4,0,0
2,8,1,3,1,3
2,13,0,0,4,2
2,14,4,2,4,2
2,15,4,2,0,0
3,0,0x519b3a00,1,0
3,1,0x519b3c00,1,0
3,3,0x519b3900,1,0
3,4,0x519b3600,1,0
3,5,0x519b3700,1,0
3,7,0x519b3b00,1,0
3,8,0x519b3d00,1,0
3,13,0x519b3800,1,0
;
1,4,4,2,4
2,1,0,1,4,0
2,2,3,1,3,1
2,3,3,0,0,4
2,5,2,0,2,4
2,6,2,4,2,0
2,7,0,4,2,0
2,17,2,0,0,4
2,18,2,4,2,4
2,19,0,4,2,0
3,0,0x519b3a00,2,0
3,1,0x519b3b00,2,0
3,2,0x519b3d00,2,0
3,3,0x519b3c00,2,0
3,5,0x519b3900,2,0
3,6,0x519b3600,2,0
3,7,0x519b3700,2,0
3,17,0x519b3800,2,0
;
1,4,4,4,2
2,1,0,0,4,2
2,3,0,0,1,4
2,4,1,3,1,3
2,5,4,3,0,0
2,7,4,2,0,2
2,8,0,2,4,2
2,21,4,2,0,0
2,22,4,2,4,2
2,23,0,0,4,2
3,0,0x519b3a00,3,0
3,1,0x519b3700,3,0
3,3,0x519b3b00,3,0
3,4,0x519b3d00,3,0
3,5,0x519b3c00,3,0
3,7,0x519b3900,3,0
3,8,0x519b3600,3,0
3,21,0x519b3800,3,0
;
1,4,4,2,4
2,1,0,0,4,3
2,3,0,0,2,4
2,4,2,0,2,4
2,5,2,4,2,0
2,7,1,4,0,0
2,8,1,3,1,3
2,15,0,0,2,4
2,16,2,4,2,4
2,17,2,4,0,0
3,0,0x519b3a00,0,1
3,1,0x519b3b00,0,1
3,3,0x519b3700,0,1
3,4,0x519b3600,0,1
3,5,0x519b3900,0,1
3,7,0x519b3c00,0,1
3,8,0x519b3d00,0,1
3,17,0x519b3800,0,1
;
1,4,2,4,4
2,1,0,2,4,0
2,2,0,2,4,2
2,3,4,2,0,2
2,5,4,0,0,1
2,6,3,1,3,1
2,7,0,4,3,0
2,11,0,2,4,0
2,12,4,2,4,2
2,13,4,0,0,2
3,0,0x519b3a00,1,1
3,1,0x519b3700,1,1
3,2,0x519b3600,1,1
3,3,0x519b3900,1,1
3,5,0x519b3c00,1,1
3,6,0x519b3d00,1,1
3,7,0x519b3b00,1,1
3,13,0x519b3800,1,1
;
1,2,4,4,4
2,1,2,0,2,4
2,3,0,0,1,4
2,4,1,3,1,3
2,5,4,3,0,0
2,7,2,4,0,0
2,8,2,4,2,0
2,9,0,0,2,4
2,23,2,4,0,0
2,24,2,4,2,4
3,0,0x519b3a00,2,1
3,1,0x519b3900,2,1
3,3,0x519b3c00,2,1
3,4,0x519b3d00,2,1
3,5,0x519b3b00,2,1
3,7,0x519b3700,2,1
3,8,0x519b3600,2,1
3,9,0x519b3800,2,1
;
1,4,4,4,2
2,1,0,1,4,0
2,2,3,1,3,1
2,3,3,0,0,4
2,5,4,0,0,2
2,6,4,2,0,2
2,7,0,2,4,2
2,19,4,0,0,2
2,20,4,2,4,2
2,21,0,2,4,0
3,0,0x519b3a00,3,1
3,1,0x519b3c00,3,1
3,2,0x519b3d00,3,1
3,3,0x519b3b00,3,1
3,5,0x519b3700,3,1
3,6,0x519b3600,3,1
3,7,0x519b3900,3,1
3,21,0x519b3800,3,1
;
;<>--RD-4 R4
;
;<>--Section-1
;
1,2,4,2,4
2,1,2,0,2,0
2,2,2,0,2,0
2,3,2,0,2,4
2,4,2,0,0,4
2,5,2,4,2,4
2,6,2,4,2,0
2,7,0,4,2,0
2,9,2,4,2,0
2,10,2,0,2,4
2,17,2,0,2,4
2,18,2,4,2,4
2,19,0,4,2,0
3,0,0x519b4280,0,0
3,1,0x519b4180,0,0
3,2,0x519b4100,0,0
3,3,0x519b4200,0,0
3,4,0x519b4300,0,0
3,5,0x519b4400,0,0
3,6,0x519b4480,0,0
3,7,0x519b4380,0,0
3,9,0x519b4080,0,0
3,10,0x519b4000,0,0
;
1,4,2,4,2
2,1,0,0,4,2
2,3,0,2,0,2
2,4,0,2,0,2
2,5,4,2,0,2
2,6,4,2,0,0
2,7,4,2,4,2
2,8,0,2,4,2
2,13,0,2,4,2
2,14,4,2,0,2
2,21,4,2,0,2
2,22,4,2,4,2
2,23,0,0,4,2
3,0,0x519b4280,1,0
3,1,0x519b4380,1,0
3,3,0x519b4180,1,0
3,4,0x519b4100,1,0
3,5,0x519b4200,1,0
3,6,0x519b4300,1,0
3,7,0x519b4400,1,0
3,8,0x519b4480,1,0
3,13,0x519b4080,1,0
3,14,0x519b4000,1,0
;
1,2,4,2,4
2,1,2,4,2,4
2,2,2,0,2,4
2,3,2,0,0,4
2,5,2,0,2,0
2,6,2,0,2,0
2,7,2,4,2,0
2,8,0,4,2,0
2,9,2,4,2,0
2,10,2,4,2,4
2,11,2,0,0,4
2,17,2,0,2,4
2,18,2,4,2,0
3,0,0x519b4280,2,0
3,1,0x519b4400,2,0
3,2,0x519b4480,2,0
3,3,0x519b4380,2,0
3,5,0x519b4180,2,0
3,6,0x519b4100,2,0
3,7,0x519b4200,2,0
3,8,0x519b4300,2,0
3,17,0x519b4080,2,0
3,18,0x519b4000,2,0
;
1,4,2,4,2
2,1,0,2,4,2
2,2,0,0,4,2
2,3,4,2,4,2
2,4,4,2,0,2
2,5,4,2,0,0
2,7,0,2,0,2
2,8,0,2,0,2
2,13,0,2,4,2
2,14,4,2,4,2
2,15,4,2,0,0
2,21,4,2,0,2
2,22,0,2,4,2
3,0,0x519b4280,3,0
3,1,0x519b4200,3,0
3,2,0x519b4300,3,0
3,3,0x519b4400,3,0
3,4,0x519b4480,3,0
3,5,0x519b4380,3,0
3,7,0x519b4180,3,0
3,8,0x519b4100,3,0
3,21,0x519b4080,3,0
3,22,0x519b4000,3,0
;
1,2,4,2,4
2,1,2,4,2,4
2,2,0,0,2,4
2,3,2,0,2,4
2,4,2,0,2,0
2,5,2,0,2,0
2,7,2,4,0,0
2,8,2,4,2,0
2,9,2,0,2,4
2,16,2,0,2,4
2,17,2,4,2,0
2,23,2,4,0,0
2,24,2,4,2,4
3,0,0x519b4280,0,1
3,1,0x519b4400,0,1
3,2,0x519b4300,0,1
3,3,0x519b4200,0,1
3,4,0x519b4100,0,1
3,5,0x519b4180,0,1
3,7,0x519b4380,0,1
3,8,0x519b4480,0,1
3,16,0x519b4000,0,1
3,17,0x519b4080,0,1
;
1,4,2,4,2
2,1,0,2,4,2
2,2,0,2,0,2
2,3,0,2,0,2
2,5,4,0,0,2
2,6,4,2,0,2
2,7,4,2,4,2
2,8,0,2,4,0
2,12,0,2,4,2
2,13,4,2,0,2
2,19,4,0,0,2
2,20,4,2,4,2
2,21,0,2,4,2
3,0,0x519b4280,1,1
3,1,0x519b4200,1,1
3,2,0x519b4100,1,1
3,3,0x519b4180,1,1
3,5,0x519b4380,1,1
3,6,0x519b4480,1,1
3,7,0x519b4400,1,1
3,8,0x519b4300,1,1
3,12,0x519b4000,1,1
3,13,0x519b4080,1,1
;
1,2,4,2,4
2,1,2,0,2,0
2,3,0,0,2,4
2,4,2,0,2,4
2,5,2,4,2,4
2,6,2,4,0,0
2,7,2,4,2,0
2,8,2,0,2,0
2,9,2,0,2,4
2,15,0,0,2,4
2,16,2,4,2,4
2,17,2,4,2,0
2,24,2,4,2,0
3,0,0x519b4280,2,1
3,1,0x519b4180,2,1
3,3,0x519b4380,2,1
3,4,0x519b4480,2,1
3,5,0x519b4400,2,1
3,6,0x519b4300,2,1
3,7,0x519b4200,2,1
3,8,0x519b4100,2,1
3,9,0x519b4080,2,1
3,24,0x519b4000,2,1
;
1,4,2,4,2
2,1,0,2,4,0
2,2,0,2,4,2
2,3,4,2,4,2
2,4,4,0,0,2
2,5,4,2,0,2
2,6,0,2,0,2
2,7,0,2,0,2
2,11,0,2,4,0
2,12,4,2,4,2
2,13,4,2,0,2
2,20,4,2,0,2
2,21,0,2,4,2
3,0,0x519b4280,3,1
3,1,0x519b4380,3,1
3,2,0x519b4480,3,1
3,3,0x519b4400,3,1
3,4,0x519b4300,3,1
3,5,0x519b4200,3,1
3,6,0x519b4100,3,1
3,7,0x519b4180,3,1
3,20,0x519b4000,3,1
3,21,0x519b4080,3,1
;
;<>--Section-2
;
1,2,4,4,4
2,1,2,4,2,4
2,2,2,0,2,4
2,3,2,0,0,4
2,5,4,0,0,1
2,6,4,1,3,1
2,7,2,4,4,0
2,8,0,4,2,0
2,9,2,4,2,0
2,10,2,4,2,4
2,11,2,0,0,4
2,18,3,0,0,1
2,19,3,1,3,1
2,20,0,1,3,0
3,0,0x519b4700,0,0
3,1,0x519b4580,0,0
3,2,0x519b4500,0,0
3,3,0x519b4600,0,0
3,5,0x519b4800,0,0
3,6,0x519b4880,0,0
3,7,0x519b4780,0,0
3,8,0x519b4680,0,0
3,18,0x519b4900,0,0
3,19,0x519b4a00,0,0
3,20,0x519b4980,0,0
;
1,4,2,4,4
2,1,0,2,4,4
2,2,0,0,4,2
2,3,4,2,4,2
2,4,4,2,0,2
2,5,4,2,0,0
2,7,1,4,0,0
2,8,1,4,1,3
2,13,0,2,4,2
2,14,4,2,4,2
2,15,4,2,0,0
2,22,1,3,0,0
2,23,1,3,1,3
2,24,0,0,1,3
3,0,0x519b4700,1,0
3,1,0x519b4780,1,0
3,2,0x519b4680,1,0
3,3,0x519b4580,1,0
3,4,0x519b4500,1,0
3,5,0x519b4600,1,0
3,7,0x519b4800,1,0
3,8,0x519b4880,1,0
3,22,0x519b4900,1,0
3,23,0x519b4a00,1,0
3,24,0x519b4980,1,0
;
1,4,4,2,4
2,1,0,1,4,0
2,2,3,1,4,1
2,3,4,0,2,4
2,4,2,0,0,4
2,5,2,4,2,4
2,6,2,4,2,0
2,7,0,4,2,0
2,10,0,1,3,0
2,11,3,1,3,1
2,12,3,0,0,1
2,17,2,0,2,4
2,18,2,4,2,4
2,19,0,4,2,0
3,0,0x519b4700,2,0
3,1,0x519b4800,2,0
3,2,0x519b4880,2,0
3,3,0x519b4780,2,0
3,4,0x519b4680,2,0
3,5,0x519b4580,2,0
3,6,0x519b4500,2,0
3,7,0x519b4600,2,0
3,10,0x519b4900,2,0
3,11,0x519b4a00,2,0
3,12,0x519b4980,2,0
;
1,4,4,4,2
2,1,0,0,4,2
2,3,0,0,1,4
2,4,1,3,1,4
2,5,4,4,0,2
2,6,4,2,0,0
2,7,4,2,4,2
2,8,0,2,4,2
2,14,0,0,1,3
2,15,1,3,1,3
2,16,1,3,0,0
2,21,4,2,0,2
2,22,4,2,4,2
2,23,0,0,4,2
3,0,0x519b4700,3,0
3,1,0x519b4600,3,0
3,3,0x519b4800,3,0
3,4,0x519b4880,3,0
3,5,0x519b4780,3,0
3,6,0x519b4680,3,0
3,7,0x519b4580,3,0
3,8,0x519b4500,3,0
3,14,0x519b4900,3,0
3,15,0x519b4a00,3,0
3,16,0x519b4980,3,0
;
1,4,4,2,4
2,1,0,0,4,3
2,3,0,0,2,4
2,4,2,0,2,4
2,5,2,4,2,4
2,6,2,4,0,0
2,7,4,4,2,0
2,8,1,3,4,3
2,15,0,0,2,4
2,16,2,4,2,4
2,17,2,4,2,0
2,22,1,3,0,0
2,23,1,3,1,3
2,24,0,0,1,3
3,0,0x519b4700,0,1
3,1,0x519b4800,0,1
3,3,0x519b4600,0,1
3,4,0x519b4500,0,1
3,5,0x519b4580,0,1
3,6,0x519b4680,0,1
3,7,0x519b4780,0,1
3,8,0x519b4880,0,1
3,22,0x519b4980,0,1
3,23,0x519b4a00,0,1
3,24,0x519b4900,0,1
;
1,4,2,4,4
2,1,0,2,4,0
2,2,0,2,4,2
2,3,4,2,4,2
2,4,4,0,0,2
2,5,4,2,0,4
2,6,3,4,3,1
2,7,0,4,3,0
2,11,0,2,4,0
2,12,4,2,4,2
2,13,4,2,0,2
2,18,3,0,0,1
2,19,3,1,3,1
2,20,0,1,3,0
3,0,0x519b4700,1,1
3,1,0x519b4600,1,1
3,2,0x519b4500,1,1
3,3,0x519b4580,1,1
3,4,0x519b4680,1,1
3,5,0x519b4780,1,1
3,6,0x519b4880,1,1
3,7,0x519b4800,1,1
3,18,0x519b4980,1,1
3,19,0x519b4a00,1,1
3,20,0x519b4900,1,1
;
1,2,4,4,4
2,1,2,4,2,4
2,2,0,0,2,4
2,3,2,0,4,4
2,4,4,3,1,3
2,5,4,3,0,0
2,7,2,4,0,0
2,8,2,4,2,0
2,9,2,0,2,4
2,14,0,0,1,3
2,15,1,3,1,3
2,16,1,3,0,0
2,23,2,4,0,0
2,24,2,4,2,4
3,0,0x519b4700,2,1
3,1,0x519b4580,2,1
3,2,0x519b4680,2,1
3,3,0x519b4780,2,1
3,4,0x519b4880,2,1
3,5,0x519b4800,2,1
3,7,0x519b4600,2,1
3,8,0x519b4500,2,1
3,14,0x519b4980,2,1
3,15,0x519b4a00,2,1
3,16,0x519b4900,2,1
;
1,4,4,4,2
2,1,0,4,4,2
2,2,3,1,3,4
2,3,3,0,0,4
2,5,4,0,0,2
2,6,4,2,0,2
2,7,4,2,4,2
2,8,0,2,4,0
2,10,0,1,3,0
2,11,3,1,3,1
2,12,3,0,0,1
2,19,4,0,0,2
2,20,4,2,4,2
2,21,0,2,4,2
3,0,0x519b4700,3,1
3,1,0x519b4780,3,1
3,2,0x519b4880,3,1
3,3,0x519b4800,3,1
3,5,0x519b4600,3,1
3,6,0x519b4500,3,1
3,7,0x519b4580,3,1
3,8,0x519b4680,3,1
3,10,0x519b4980,3,1
3,11,0x519b4a00,3,1
3,12,0x519b4900,3,1
;
;<>--RD-4 R5
;
;<>--Section-1
;
1,2,0,2,0
2,1,2,4,2,0
2,2,2,0,2,4
2,3,2,0,2,0
2,4,2,0,0,4
2,5,2,4,2,4
2,6,0,4,2,0
2,9,2,0,2,0
2,10,2,0,2,0
2,17,2,0,2,4
2,18,2,4,2,0
3,0,0x519b5280,0,0
3,1,0x519b5180,0,0
3,2,0x519b5100,0,0
3,3,0x519b5200,0,0
3,4,0x519b5300,0,0
3,5,0x519b5400,0,0
3,6,0x519b5380,0,0
3,9,0x519b5080,0,0
3,10,0x519b5000,0,0
3,17,0x519b5500,0,0
3,18,0x519b5480,0,0
;
1,0,2,0,2
2,3,0,2,4,2
2,4,4,2,0,2
2,5,0,2,0,2
2,6,4,2,0,0
2,7,4,2,4,2
2,8,0,0,4,2
2,13,0,2,0,2
2,14,0,2,0,2
2,21,4,2,0,2
2,22,0,2,4,2
3,0,0x519b5280,1,0
3,3,0x519b5180,1,0
3,4,0x519b5100,1,0
3,5,0x519b5200,1,0
3,6,0x519b5300,1,0
3,7,0x519b5400,1,0
3,8,0x519b5380,1,0
3,13,0x519b5080,1,0
3,14,0x519b5000,1,0
3,21,0x519b5500,1,0
3,22,0x519b5480,1,0
;
1,2,0,2,0
2,1,2,4,2,4
2,2,2,0,0,4
2,5,2,0,2,4
2,6,2,4,2,0
2,7,2,0,2,0
2,8,0,4,2,0
2,9,2,4,2,0
2,10,2,0,2,4
2,17,2,0,2,0
2,18,2,0,2,0
3,0,0x519b5280,2,0
3,1,0x519b5400,2,0
3,2,0x519b5380,2,0
3,5,0x519b5180,2,0
3,6,0x519b5100,2,0
3,7,0x519b5200,2,0
3,8,0x519b5300,2,0
3,9,0x519b5500,2,0
3,10,0x519b5480,2,0
3,17,0x519b5080,2,0
3,18,0x519b5000,2,0
;
1,0,2,0,2
2,1,0,2,0,2
2,2,0,0,4,2
2,3,4,2,4,2
2,4,4,2,0,0
2,7,4,2,0,2
2,8,0,2,4,2
2,13,0,2,4,2
2,14,4,2,0,2
2,21,0,2,0,2
2,22,0,2,0,2
3,0,0x519b5280,3,0
3,1,0x519b5200,3,0
3,2,0x519b5300,3,0
3,3,0x519b5400,3,0
3,4,0x519b5380,3,0
3,7,0x519b5180,3,0
3,8,0x519b5100,3,0
3,13,0x519b5500,3,0
3,14,0x519b5480,3,0
3,21,0x519b5080,3,0
3,22,0x519b5000,3,0
;
1,2,0,2,0
2,1,2,4,2,4
2,2,0,0,2,4
2,3,2,0,2,0
2,4,2,0,2,4
2,5,2,4,2,0
2,8,2,4,0,0
2,9,2,0,2,4
2,16,2,0,2,0
2,17,2,0,2,0
2,24,2,4,2,0
3,0,0x519b5280,0,1
3,1,0x519b5400,0,1
3,2,0x519b5300,0,1
3,3,0x519b5200,0,1
3,4,0x519b5100,0,1
3,5,0x519b5180,0,1
3,8,0x519b5380,0,1
3,9,0x519b5500,0,1
3,16,0x519b5000,0,1
3,17,0x519b5080,0,1
3,24,0x519b5480,0,1
;
1,0,2,0,2
2,1,0,2,0,2
2,2,0,2,4,2
2,3,4,2,0,2
2,6,4,0,0,2
2,7,4,2,4,2
2,8,0,2,4,0
2,12,0,2,0,2
2,13,0,2,0,2
2,20,4,2,0,2
2,21,0,2,4,2
3,0,0x519b5280,1,1
3,1,0x519b5200,1,1
3,2,0x519b5100,1,1
3,3,0x519b5180,1,1
3,6,0x519b5380,1,1
3,7,0x519b5400,1,1
3,8,0x519b5300,1,1
3,12,0x519b5000,1,1
3,13,0x519b5080,1,1
3,20,0x519b5480,1,1
3,21,0x519b5500,1,1
;
1,2,0,2,0
2,1,2,0,2,4
2,4,0,0,2,4
2,5,2,4,2,4
2,6,2,4,0,0
2,7,2,0,2,0
2,8,2,4,2,0
2,9,2,0,2,0
2,16,2,0,2,4
2,17,2,4,2,0
2,24,2,0,2,0
3,0,0x519b5280,2,1
3,1,0x519b5180,2,1
3,4,0x519b5380,2,1
3,5,0x519b5400,2,1
3,6,0x519b5300,2,1
3,7,0x519b5200,2,1
3,8,0x519b5100,2,1
3,9,0x519b5080,2,1
3,16,0x519b5480,2,1
3,17,0x519b5500,2,1
3,24,0x519b5000,2,1
;
1,0,2,0,2
2,2,0,2,4,0
2,3,4,2,4,2
2,4,4,0,0,2
2,5,0,2,0,2
2,6,4,2,0,2
2,7,0,2,4,2
2,12,0,2,4,2
2,13,4,2,0,2
2,20,0,2,0,2
2,21,0,2,0,2
3,0,0x519b5280,3,1
3,2,0x519b5380,3,1
3,3,0x519b5400,3,1
3,4,0x519b5300,3,1
3,5,0x519b5200,3,1
3,6,0x519b5100,3,1
3,7,0x519b5180,3,1
3,12,0x519b5480,3,1
3,13,0x519b5500,3,1
3,20,0x519b5000,3,1
3,21,0x519b5080,3,1
;
;<>--Section-2
;
1,2,4,4,4
2,1,2,4,2,0
2,2,2,0,2,4
2,3,2,0,0,4
2,5,4,0,0,4
2,6,4,4,4,4
2,7,0,4,4,0
2,9,0,4,2,0
2,10,2,4,2,4
2,11,2,0,0,4
2,18,4,0,0,4
2,19,4,4,3,1
2,20,0,4,4,0
3,0,0x519b5900,0,0
3,1,0x519b5780,0,0
3,2,0x519b5700,0,0
3,3,0x519b5800,0,0
3,5,0x519b5a00,0,0
3,6,0x519b5980,0,0
3,7,0x519b5880,0,0
3,9,0x519b5680,0,0
3,10,0x519b5580,0,0
3,11,0x519b5600,0,0
3,18,0x519b5b00,0,0
3,19,0x519b5b80,0,0
3,20,0x519b5a80,0,0
;
1,4,2,4,4
2,1,0,0,4,4
2,3,0,2,4,2
2,4,4,2,0,2
2,5,4,2,0,0
2,7,4,4,0,0
2,8,4,4,4,4
2,13,0,0,4,2
2,14,4,2,4,2
2,15,4,2,0,0
2,22,4,4,0,0
2,23,1,4,4,3
2,24,0,0,4,4
3,0,0x519b5900,1,0
3,1,0x519b5880,1,0
3,3,0x519b5780,1,0
3,4,0x519b5700,1,0
3,5,0x519b5800,1,0
3,7,0x519b5a00,1,0
3,8,0x519b5980,1,0
3,13,0x519b5680,1,0
3,14,0x519b5580,1,0
3,15,0x519b5600,1,0
3,22,0x519b5b00,1,0
3,23,0x519b5b80,1,0
3,24,0x519b5a80,1,0
;
1,4,4,2,4
2,1,0,4,4,0
2,2,4,4,4,4
2,3,4,0,0,4
2,5,2,0,2,4
2,6,2,4,2,0
2,7,0,4,2,0
2,10,0,4,4,0
2,11,3,1,4,4
2,12,4,0,0,4
2,17,2,0,0,4
2,18,2,4,2,4
2,19,0,4,2,0
3,0,0x519b5900,2,0
3,1,0x519b5a00,2,0
3,2,0x519b5980,2,0
3,3,0x519b5880,2,0
3,5,0x519b5780,2,0
3,6,0x519b5700,2,0
3,7,0x519b5800,2,0
3,10,0x519b5b00,2,0
3,11,0x519b5b80,2,0
3,12,0x519b5a80,2,0
3,17,0x519b5680,2,0
3,18,0x519b5580,2,0
3,19,0x519b5600,2,0
;
1,4,4,4,2
2,1,0,0,4,2
2,3,0,0,4,4
2,4,4,4,4,4
2,5,4,4,0,0
2,7,4,2,0,2
2,8,0,2,4,2
2,14,0,0,4,4
2,15,4,3,1,4
2,16,4,4,0,0
2,21,4,2,0,0
2,22,4,2,4,2
2,23,0,0,4,2
3,0,0x519b5900,3,0
3,1,0x519b5800,3,0
3,3,0x519b5a00,3,0
3,4,0x519b5980,3,0
3,5,0x519b5880,3,0
3,7,0x519b5780,3,0
3,8,0x519b5700,3,0
3,14,0x519b5b00,3,0
3,15,0x519b5b80,3,0
3,16,0x519b5a80,3,0
3,21,0x519b5680,3,0
3,22,0x519b5580,3,0
3,23,0x519b5600,3,0
;
1,4,4,2,4
2,1,0,0,4,4
2,3,0,0,2,4
2,4,2,0,2,4
2,5,2,4,2,0
2,7,4,4,0,0
2,8,4,4,4,4
2,15,0,0,2,4
2,16,2,4,2,4
2,17,2,4,0,0
2,22,4,4,0,0
2,23,1,4,4,3
2,24,0,0,4,4
3,0,0x519b5900,0,1
3,1,0x519b5a00,0,1
3,3,0x519b5800,0,1
3,4,0x519b5700,0,1
3,5,0x519b5780,0,1
3,7,0x519b5880,0,1
3,8,0x519b5980,0,1
3,15,0x519b5600,0,1
3,16,0x519b5580,0,1
3,17,0x519b5680,0,1
3,22,0x519b5a80,0,1
3,23,0x519b5b80,0,1
3,24,0x519b5b00,0,1
;
1,4,2,4,4
2,1,0,2,4,0
2,2,0,2,4,2
2,3,4,2,0,2
2,5,4,0,0,4
2,6,4,4,4,4
2,7,0,4,4,0
2,11,0,2,4,0
2,12,4,2,4,2
2,13,4,0,0,2
2,18,4,0,0,4
2,19,4,4,3,1
2,20,0,4,4,0
3,0,0x519b5900,1,1
3,1,0x519b5800,1,1
3,2,0x519b5700,1,1
3,3,0x519b5780,1,1
3,5,0x519b5880,1,1
3,6,0x519b5980,1,1
3,7,0x519b5a00,1,1
3,11,0x519b5600,1,1
3,12,0x519b5580,1,1
3,13,0x519b5680,1,1
3,18,0x519b5a80,1,1
3,19,0x519b5b80,1,1
3,20,0x519b5b00,1,1
;
1,2,4,4,4
2,1,2,0,2,4
2,3,0,0,4,4
2,4,4,4,4,4
2,5,4,4,0,0
2,7,2,4,0,0
2,8,2,4,2,0
2,9,0,0,2,4
2,14,0,0,4,4
2,15,4,3,1,4
2,16,4,4,0,0
2,23,2,4,0,0
2,24,2,4,2,4
3,0,0x519b5900,2,1
3,1,0x519b5780,2,1
3,3,0x519b5880,2,1
3,4,0x519b5980,2,1
3,5,0x519b5a00,2,1
3,7,0x519b5800,2,1
3,8,0x519b5700,2,1
3,9,0x519b5680,2,1
3,14,0x519b5a80,2,1
3,15,0x519b5b80,2,1
3,16,0x519b5b00,2,1
3,23,0x519b5600,2,1
3,24,0x519b5580,2,1
;
1,4,4,4,2
2,1,0,4,4,0
2,2,4,4,4,4
2,3,4,0,0,4
2,5,4,0,0,2
2,6,4,2,0,2
2,7,0,2,4,2
2,10,0,4,4,0
2,11,3,1,4,4
2,12,4,0,0,4
2,19,4,0,0,2
2,20,4,2,4,2
2,21,0,2,4,0
3,0,0x519b5900,3,1
3,1,0x519b5880,3,1
3,2,0x519b5980,3,1
3,3,0x519b5a00,3,1
3,5,0x519b5800,3,1
3,6,0x519b5700,3,1
3,7,0x519b5780,3,1
3,10,0x519b5a80,3,1
3,11,0x519b5b80,3,1
3,12,0x519b5b00,3,1
3,19,0x519b5600,3,1
3,20,0x519b5580,3,1
3,21,0x519b5680,3,1
;
;<>--TLA-5 R3
;
;<>--Section-1
;
1,2,0,2,4
2,1,2,0,2,4
2,5,2,0,0,4
2,6,2,4,2,4
2,7,2,4,2,4
2,8,2,4,2,0
2,9,2,0,2,4
2,18,2,0,2,4
2,19,2,4,2,4
2,20,2,4,2,0
2,21,0,4,2,0
2,24,2,4,2,0
3,0,0x51983200,0,0
3,1,0x51983100,0,0
3,5,0x51983300,0,0
3,6,0x51983400,0,0
3,7,0x51983280,0,0
3,8,0x51983180,0,0
3,9,0x51983000,0,0
3,20,0x51983480,0,0
3,21,0x51983380,0,0
3,24,0x51983080,0,0
;
1,4,2,0,2
2,1,4,2,4,2
2,2,0,2,4,2
2,3,4,2,0,2
2,7,4,2,0,0
2,8,4,2,4,2
2,9,0,0,4,2
2,12,0,2,4,2
2,13,4,2,0,2
2,22,4,2,0,2
2,23,4,2,4,2
2,24,0,2,4,2
3,0,0x51983200,1,0
3,1,0x51983280,1,0
3,2,0x51983180,1,0
3,3,0x51983100,1,0
3,7,0x51983300,1,0
3,8,0x51983400,1,0
3,9,0x51983380,1,0
3,12,0x51983080,1,0
3,13,0x51983000,1,0
3,24,0x51983480,1,0
;
1,2,4,2,0
2,1,0,4,2,0
2,2,2,4,2,4
2,3,2,4,2,4
2,4,2,0,2,4
2,5,2,4,2,0
2,10,2,4,2,0
2,11,2,4,2,4
2,12,2,0,2,4
2,13,2,0,0,4
2,16,2,0,2,4
2,17,2,4,2,0
3,0,0x51983200,2,0
3,1,0x51983300,2,0
3,2,0x51983400,2,0
3,3,0x51983280,2,0
3,4,0x51983180,2,0
3,5,0x51983100,2,0
3,12,0x51983480,2,0
3,13,0x51983380,2,0
3,16,0x51983080,2,0
3,17,0x51983000,2,0
;
1,0,2,4,2
2,3,0,0,4,2
2,4,4,2,4,2
2,5,4,2,4,2
2,6,4,2,0,2
2,7,0,2,4,2
2,14,0,2,4,2
2,15,4,2,4,2
2,16,4,2,0,2
2,17,4,2,0,0
2,20,4,2,0,2
2,21,0,2,4,2
3,0,0x51983200,3,0
3,3,0x51983300,3,0
3,4,0x51983400,3,0
3,5,0x51983280,3,0
3,6,0x51983180,3,0
3,7,0x51983100,3,0
3,16,0x51983480,3,0
3,17,0x51983380,3,0
3,20,0x51983080,3,0
3,21,0x51983000,3,0
;
1,2,0,2,4
2,1,0,0,2,4
2,5,2,0,2,4
2,6,2,4,2,0
2,7,2,4,2,4
2,8,2,4,2,4
2,17,2,0,2,4
2,18,2,4,2,0
2,21,2,4,0,0
2,22,2,4,2,0
2,23,2,4,2,4
2,24,2,0,2,4
3,0,0x51983200,0,1
3,1,0x51983300,0,1
3,5,0x51983100,0,1
3,6,0x51983180,0,1
3,7,0x51983280,0,1
3,8,0x51983400,0,1
3,17,0x51983000,0,1
3,18,0x51983080,0,1
3,21,0x51983380,0,1
3,22,0x51983480,0,1
;
1,0,2,4,2
2,3,0,2,4,2
2,4,4,2,0,2
2,5,4,2,4,2
2,6,4,2,4,2
2,7,0,2,4,0
2,13,0,2,4,2
2,14,4,2,0,2
2,17,4,0,0,2
2,18,4,2,0,2
2,19,4,2,4,2
2,20,0,2,4,2
3,0,0x51983200,1,1
3,3,0x51983100,1,1
3,4,0x51983180,1,1
3,5,0x51983280,1,1
3,6,0x51983400,1,1
3,7,0x51983300,1,1
3,13,0x51983000,1,1
3,14,0x51983080,1,1
3,17,0x51983380,1,1
3,18,0x51983480,1,1
;
1,2,4,2,0
2,1,2,4,2,0
2,2,2,0,2,4
2,3,2,4,2,4
2,4,2,4,2,4
2,5,2,4,0,0
2,9,2,4,2,0
2,10,2,0,2,4
2,13,0,0,2,4
2,14,2,0,2,4
2,15,2,4,2,4
2,16,2,4,2,0
3,0,0x51983200,2,1
3,1,0x51983100,2,1
3,2,0x51983180,2,1
3,3,0x51983280,2,1
3,4,0x51983400,2,1
3,5,0x51983300,2,1
3,9,0x51983000,2,1
3,10,0x51983080,2,1
3,13,0x51983380,2,1
3,14,0x51983480,2,1
;
1,4,2,0,2
2,1,4,2,4,2
2,2,4,2,4,2
2,3,4,0,0,2
2,7,4,2,0,2
2,8,0,2,4,2
2,9,0,2,4,0
2,10,0,2,4,2
2,11,4,2,4,2
2,12,4,2,0,2
2,21,4,2,0,2
2,22,0,2,4,2
3,0,0x51983200,3,1
3,1,0x51983280,3,1
3,2,0x51983400,3,1
3,3,0x51983300,3,1
3,7,0x51983100,3,1
3,8,0x51983180,3,1
3,9,0x51983380,3,1
3,10,0x51983480,3,1
3,21,0x51983000,3,1
3,22,0x51983080,3,1
;
;<>--Section-2
;
1,2,0,2,4
2,1,2,4,2,4
2,2,2,0,0,4
2,5,2,0,0,4
2,6,2,4,2,4
2,7,2,4,2,4
2,8,2,4,2,0
2,18,2,0,0,4
2,19,4,4,3,0
2,20,4,4,4,1
2,21,0,4,4,0
3,0,0x51983500,0,0
3,5,0x51983600,0,0
3,6,0x51983700,0,0
3,7,0x51983580,0,0
3,18,0x51983800,0,0
3,19,0x51983880,0,0
3,20,0x51983780,0,0
3,21,0x51983680,0,0
;
1,4,2,0,2
2,1,4,2,4,2
2,2,0,2,4,2
2,3,4,2,4,2
2,4,4,2,0,0
2,7,4,2,0,0
2,8,4,2,4,2
2,9,0,0,4,4
2,22,4,2,0,0
2,23,0,4,4,3
2,24,1,4,4,4
3,0,0x51983500,1,0
3,1,0x51983580,1,0
3,7,0x51983600,1,0
3,8,0x51983700,1,0
3,9,0x51983680,1,0
3,22,0x51983800,1,0
3,23,0x51983880,1,0
3,24,0x51983780,1,0
;
1,2,4,2,0
2,1,0,4,2,0
2,2,2,4,2,4
2,3,2,4,2,4
2,4,2,0,2,4
2,5,2,4,2,4
2,6,0,4,2,0
2,10,0,4,2,0
2,11,3,0,4,4
2,12,4,1,4,4
2,13,4,0,0,4
3,0,0x51983500,2,0
3,1,0x51983600,2,0
3,2,0x51983700,2,0
3,3,0x51983580,2,0
3,10,0x51983800,2,0
3,11,0x51983880,2,0
3,12,0x51983780,2,0
3,13,0x51983680,2,0
;
1,0,2,4,2
2,3,0,0,4,2
2,4,4,2,4,2
2,5,4,2,4,2
2,6,4,2,0,2
2,7,4,2,4,2
2,8,0,0,4,2
2,14,0,0,4,2
2,15,4,3,0,4
2,16,4,4,1,4
2,17,4,4,0,0
3,0,0x51983500,3,0
3,3,0x51983600,3,0
3,4,0x51983700,3,0
3,5,0x51983580,3,0
3,14,0x51983800,3,0
3,15,0x51983880,3,0
3,16,0x51983780,3,0
3,17,0x51983680,3,0
;
1,2,0,2,4
2,1,0,0,2,4
2,4,0,0,2,4
2,5,2,4,2,4
2,6,2,4,2,0
2,7,2,4,2,4
2,8,2,4,2,4
2,21,4,4,0,0
2,22,4,4,4,3
2,23,1,4,4,0
2,24,0,0,2,4
3,0,0x51983500,0,1
3,1,0x51983600,0,1
3,7,0x51983580,0,1
3,8,0x51983700,0,1
3,21,0x51983680,0,1
3,22,0x51983780,0,1
3,23,0x51983880,0,1
3,24,0x51983800,0,1
;
1,0,2,4,2
2,2,0,2,4,0
2,3,4,2,4,2
2,4,4,2,0,2
2,5,4,2,4,2
2,6,4,2,4,2
2,7,0,2,4,0
2,17,4,0,0,4
2,18,4,4,3,4
2,19,4,4,0,1
2,20,0,2,4,0
3,0,0x51983500,1,1
3,5,0x51983580,1,1
3,6,0x51983700,1,1
3,7,0x51983600,1,1
3,17,0x51983680,1,1
3,18,0x51983780,1,1
3,19,0x51983880,1,1
3,20,0x51983800,1,1
;
1,2,4,2,0
2,1,2,4,2,4
2,2,2,0,2,4
2,3,2,4,2,4
2,4,2,4,2,4
2,5,2,4,0,0
2,8,2,4,0,0
2,13,0,0,4,4
2,14,4,3,4,4
2,15,4,0,1,4
2,16,2,4,0,0
3,0,0x51983500,2,1
3,3,0x51983580,2,1
3,4,0x51983700,2,1
3,5,0x51983600,2,1
3,13,0x51983680,2,1
3,14,0x51983780,2,1
3,15,0x51983880,2,1
3,16,0x51983800,2,1
;
1,4,2,0,2
2,1,4,2,4,2
2,2,4,2,4,2
2,3,4,0,0,2
2,6,4,0,0,2
2,7,4,2,4,2
2,8,0,2,4,2
2,9,0,4,4,0
2,10,3,4,4,4
2,11,0,1,4,4
2,12,4,0,0,2
3,0,0x51983500,3,1
3,1,0x51983580,3,1
3,2,0x51983700,3,1
3,3,0x51983600,3,1
3,9,0x51983680,3,1
3,10,0x51983780,3,1
3,11,0x51983880,3,1
3,12,0x51983800,3,1
;
;<>--TLA-5 R4
;
;<>--Section-1
;
1,2,4,2,4
2,1,2,4,2,0
2,2,2,0,2,4
2,3,2,0,2,4
2,4,2,0,0,4
2,5,2,4,2,4
2,6,2,4,2,0
2,7,0,4,2,0
2,9,2,0,2,0
2,10,2,0,2,0
2,17,2,0,2,4
2,18,2,4,2,0
3,0,0x51984280,0,0
3,1,0x51984180,0,0
3,2,0x51984100,0,0
3,3,0x51984200,0,0
3,4,0x51984300,0,0
3,5,0x51984400,0,0
3,6,0x51984480,0,0
3,7,0x51984380,0,0
3,9,0x51984080,0,0
3,10,0x51984000,0,0
3,17,0x51984500,0,0
3,18,0x51984580,0,0
;
1,4,2,4,2
2,1,0,0,4,2
2,3,0,2,4,2
2,4,4,2,0,2
2,5,4,2,0,2
2,6,4,2,0,0
2,7,4,2,4,2
2,8,0,2,4,2
2,13,0,2,0,2
2,14,0,2,0,2
2,21,4,2,0,2
2,22,0,2,4,2
3,0,0x51984280,1,0
3,1,0x51984380,1,0
3,3,0x51984180,1,0
3,4,0x51984100,1,0
3,5,0x51984200,1,0
3,6,0x51984300,1,0
3,7,0x51984400,1,0
3,8,0x51984480,1,0
3,13,0x51984080,1,0
3,14,0x51984000,1,0
3,21,0x51984500,1,0
3,22,0x51984580,1,0
;
1,2,4,2,4
2,1,2,4,2,4
2,2,2,0,2,4
2,3,2,0,0,4
2,5,2,0,2,4
2,6,2,4,2,0
2,7,2,4,2,0
2,8,0,4,2,0
2,9,2,4,2,0
2,10,2,0,2,4
2,17,2,0,2,0
2,18,2,0,2,0
3,0,0x51984280,2,0
3,1,0x51984400,2,0
3,2,0x51984480,2,0
3,3,0x51984380,2,0
3,5,0x51984180,2,0
3,6,0x51984100,2,0
3,7,0x51984200,2,0
3,8,0x51984300,2,0
3,9,0x51984500,2,0
3,10,0x51984580,2,0
3,17,0x51984080,2,0
3,18,0x51984000,2,0
;
1,4,2,4,2
2,1,0,2,4,2
2,2,0,0,4,2
2,3,4,2,4,2
2,4,4,2,0,2
2,5,4,2,0,0
2,7,4,2,0,2
2,8,0,2,4,2
2,13,0,2,4,2
2,14,4,2,0,2
2,21,0,2,0,2
2,22,0,2,0,2
3,0,0x51984280,3,0
3,1,0x51984200,3,0
3,2,0x51984300,3,0
3,3,0x51984400,3,0
3,4,0x51984480,3,0
3,5,0x51984380,3,0
3,7,0x51984180,3,0
3,8,0x51984100,3,0
3,13,0x51984500,3,0
3,14,0x51984580,3,0
3,21,0x51984080,3,0
3,22,0x51984000,3,0
;
1,2,4,2,4
2,1,2,4,2,4
2,2,0,0,2,4
2,3,2,0,2,4
2,4,2,0,2,4
2,5,2,4,2,0
2,7,2,4,0,0
2,8,2,4,2,0
2,9,2,0,2,4
2,16,2,0,2,0
2,17,2,0,2,0
2,24,2,4,2,0
3,0,0x51984280,0,1
3,1,0x51984400,0,1
3,2,0x51984300,0,1
3,3,0x51984200,0,1
3,4,0x51984100,0,1
3,5,0x51984180,0,1
3,7,0x51984380,0,1
3,8,0x51984480,0,1
3,9,0x51984500,0,1
3,16,0x51984000,0,1
3,17,0x51984080,0,1
3,24,0x51984580,0,1
;
1,4,2,4,2
2,1,0,2,4,2
2,2,0,2,4,2
2,3,4,2,0,2
2,5,4,0,0,2
2,6,4,2,0,2
2,7,4,2,4,2
2,8,0,2,4,0
2,12,0,2,0,2
2,13,0,2,0,2
2,20,4,2,0,2
2,21,0,2,4,2
3,0,0x51984280,1,1
3,1,0x51984200,1,1
3,2,0x51984100,1,1
3,3,0x51984180,1,1
3,5,0x51984380,1,1
3,6,0x51984480,1,1
3,7,0x51984400,1,1
3,8,0x51984300,1,1
3,12,0x51984000,1,1
3,13,0x51984080,1,1
3,20,0x51984580,1,1
3,21,0x51984500,1,1
;
1,2,4,2,4
2,1,2,0,2,4
2,3,0,0,2,4
2,4,2,0,2,4
2,5,2,4,2,4
2,6,2,4,0,0
2,7,2,4,2,0
2,8,2,4,2,0
2,9,2,0,2,0
2,16,2,0,2,4
2,17,2,4,2,0
2,24,2,0,2,0
3,0,0x51984280,2,1
3,1,0x51984180,2,1
3,3,0x51984380,2,1
3,4,0x51984480,2,1
3,5,0x51984400,2,1
3,6,0x51984300,2,1
3,7,0x51984200,2,1
3,8,0x51984100,2,1
3,9,0x51984080,2,1
3,16,0x51984580,2,1
3,17,0x51984500,2,1
3,24,0x51984000,2,1
;
1,4,2,4,2
2,1,0,2,4,0
2,2,0,2,4,2
2,3,4,2,4,2
2,4,4,0,0,2
2,5,4,2,0,2
2,6,4,2,0,2
2,7,0,2,4,2
2,12,0,2,4,2
2,13,4,2,0,2
2,20,0,2,0,2
2,21,0,2,0,2
3,0,0x51984280,3,1
3,1,0x51984380,3,1
3,2,0x51984480,3,1
3,3,0x51984400,3,1
3,4,0x51984300,3,1
3,5,0x51984200,3,1
3,6,0x51984100,3,1
3,7,0x51984180,3,1
3,12,0x51984580,3,1
3,13,0x51984500,3,1
3,20,0x51984000,3,1
3,21,0x51984080,3,1
;
;<>--Section-2
;
1,2,0,4,4
2,1,2,4,2,4
2,2,2,0,0,4
2,5,4,0,0,1
2,6,3,1,3,1
2,7,3,4,3,1
2,8,0,4,3,0
2,9,2,4,2,0
2,10,2,0,2,4
2,18,3,0,0,1
2,19,0,1,3,0
2,20,3,1,0,1
2,21,0,1,3,0
3,0,0x51984700,0,0
3,1,0x51984680,0,0
3,2,0x51984600,0,0
3,5,0x51984800,0,0
3,6,0x51984900,0,0
3,7,0x51984880,0,0
3,8,0x51984780,0,0
3,18,0x51984a00,0,0
3,19,0x51984b00,0,0
3,20,0x51984a80,0,0
3,21,0x51984980,0,0
;
1,4,2,0,4
2,1,1,3,4,3
2,2,0,0,4,3
2,3,4,2,4,2
2,4,4,2,0,0
2,7,1,4,0,0
2,8,1,3,1,3
2,9,0,0,1,3
2,13,0,2,4,2
2,14,4,2,0,2
2,22,1,3,0,0
2,23,0,0,1,3
2,24,1,3,1,0
3,0,0x51984700,1,0
3,1,0x51984880,1,0
3,2,0x51984780,1,0
3,3,0x51984680,1,0
3,4,0x51984600,1,0
3,7,0x51984800,1,0
3,8,0x51984900,1,0
3,9,0x51984980,1,0
3,22,0x51984a00,1,0
3,23,0x51984b00,1,0
3,24,0x51984a80,1,0
;
1,4,4,2,0
2,1,0,1,4,0
2,2,3,1,3,1
2,3,3,1,3,4
2,4,3,0,0,4
2,5,2,4,2,4
2,6,0,4,2,0
2,10,0,1,3,0
2,11,3,0,0,1
2,12,0,1,3,1
2,13,3,0,0,1
2,17,2,0,2,4
2,18,2,4,2,0
3,0,0x51984700,2,0
3,1,0x51984800,2,0
3,2,0x51984900,2,0
3,3,0x51984880,2,0
3,4,0x51984780,2,0
3,5,0x51984680,2,0
3,6,0x51984600,2,0
3,10,0x51984a00,2,0
3,11,0x51984b00,2,0
3,12,0x51984a80,2,0
3,13,0x51984980,2,0
;
1,0,4,4,2
2,3,0,0,1,4
2,4,1,3,1,3
2,5,4,3,1,3
2,6,4,3,0,0
2,7,4,2,4,2
2,8,0,0,4,2
2,14,0,0,1,3
2,15,1,3,0,0
2,16,1,0,1,3
2,17,1,3,0,0
2,21,4,2,0,2
2,22,0,2,4,2
3,0,0x51984700,3,0
3,3,0x51984800,3,0
3,4,0x51984900,3,0
3,5,0x51984880,3,0
3,6,0x51984780,3,0
3,7,0x51984680,3,0
3,8,0x51984600,3,0
3,14,0x51984a00,3,0
3,15,0x51984b00,3,0
3,16,0x51984a80,3,0
3,17,0x51984980,3,0
;
1,4,0,2,4
2,1,0,0,4,3
2,4,0,0,2,4
2,5,2,4,2,4
2,6,1,4,0,0
2,7,1,4,1,3
2,8,1,3,1,3
2,16,2,0,2,4
2,17,2,4,2,0
2,21,1,3,0,0
2,22,0,3,1,3
2,23,1,3,0,0
2,24,0,0,1,3
3,0,0x51984700,0,1
3,1,0x51984800,0,1
3,4,0x51984600,0,1
3,5,0x51984680,0,1
3,6,0x51984780,0,1
3,7,0x51984880,0,1
3,8,0x51984900,0,1
3,21,0x51984980,0,1
3,22,0x51984a80,0,1
3,23,0x51984b00,0,1
3,24,0x51984a00,0,1
;
1,0,2,4,4
2,2,0,2,4,0
2,3,4,2,4,2
2,4,4,0,0,1
2,5,4,1,3,1
2,6,3,1,3,1
2,7,0,4,3,0
2,12,0,2,4,2
2,13,4,2,0,2
2,17,3,0,0,1
2,18,3,1,3,0
2,19,3,0,0,1
2,20,0,1,3,0
3,0,0x51984700,1,1
3,2,0x51984600,1,1
3,3,0x51984680,1,1
3,4,0x51984780,1,1
3,5,0x51984880,1,1
3,6,0x51984900,1,1
3,7,0x51984800,1,1
3,17,0x51984980,1,1
3,18,0x51984a80,1,1
3,19,0x51984b00,1,1
3,20,0x51984a00,1,1
;
1,2,4,4,0
2,1,2,4,2,4
2,2,0,0,1,4
2,3,1,3,1,4
2,4,1,3,1,3
2,5,4,3,0,0
2,8,2,4,0,0
2,9,2,0,2,4
2,13,0,0,1,3
2,14,1,3,0,3
2,15,0,0,1,3
2,16,1,3,0,0
2,24,2,4,2,0
3,0,0x51984700,2,1
3,1,0x51984680,2,1
3,2,0x51984780,2,1
3,3,0x51984880,2,1
3,4,0x51984900,2,1
3,5,0x51984800,2,1
3,8,0x51984600,2,1
3,13,0x51984980,2,1
3,14,0x51984a80,2,1
3,15,0x51984b00,2,1
3,16,0x51984a00,2,1
;
1,4,4,0,2
2,1,3,1,4,1
2,2,3,1,3,1
2,3,3,0,0,4
2,6,4,0,0,2
2,7,4,2,4,2
2,8,0,1,4,0
2,9,0,1,3,0
2,10,3,0,3,1
2,11,0,1,3,0
2,12,3,0,0,1
2,20,4,2,0,2
2,21,0,2,4,2
3,0,0x51984700,3,1
3,1,0x51984880,3,1
3,2,0x51984900,3,1
3,3,0x51984800,3,1
3,6,0x51984600,3,1
3,7,0x51984680,3,1
3,8,0x51984780,3,1
3,9,0x51984980,3,1
3,10,0x51984a80,3,1
3,11,0x51984b00,3,1
3,12,0x51984a00,3,1
;
;<>--TLA-5 R5
;
;<>--Section-1
;
1,2,4,2,4
2,1,2,4,2,0
2,2,2,0,2,4
2,3,2,0,2,4
2,4,2,0,2,4
2,5,2,4,2,4
2,6,2,4,2,0
2,7,0,4,2,0
2,9,2,4,2,0
2,10,2,0,2,4
2,16,2,0,0,4
2,17,2,4,2,4
2,18,2,4,2,0
3,0,0x51985280,0,0
3,1,0x51985180,0,0
3,2,0x51985100,0,0
3,3,0x51985200,0,0
3,4,0x51985300,0,0
3,5,0x51985380,0,0
3,6,0x51985580,0,0
3,7,0x51985480,0,0
3,9,0x51985080,0,0
3,10,0x51985000,0,0
3,16,0x51985400,0,0
3,17,0x51985500,0,0
3,18,0x51985680,0,0
;
1,4,2,4,2
2,1,0,0,4,2
2,3,0,2,4,2
2,4,4,2,0,2
2,5,4,2,0,2
2,6,4,2,0,2
2,7,4,2,4,2
2,8,0,2,4,2
2,13,0,2,4,2
2,14,4,2,0,2
2,20,4,2,0,0
2,21,4,2,4,2
2,22,0,2,4,2
3,0,0x51985280,1,0
3,1,0x51985480,1,0
3,3,0x51985180,1,0
3,4,0x51985100,1,0
3,5,0x51985200,1,0
3,6,0x51985300,1,0
3,7,0x51985380,1,0
3,8,0x51985580,1,0
3,13,0x51985080,1,0
3,14,0x51985000,1,0
3,20,0x51985400,1,0
3,21,0x51985500,1,0
3,22,0x51985680,1,0
;
1,2,4,2,4
2,1,2,4,2,4
2,2,2,0,2,4
2,3,2,0,0,4
2,5,2,0,2,4
2,6,2,4,2,0
2,7,2,4,2,0
2,8,2,4,2,0
2,9,2,4,2,4
2,10,2,0,2,4
2,17,2,0,2,4
2,18,2,4,2,0
2,24,0,4,2,0
3,0,0x51985280,2,0
3,1,0x51985380,2,0
3,2,0x51985580,2,0
3,3,0x51985480,2,0
3,5,0x51985180,2,0
3,6,0x51985100,2,0
3,7,0x51985200,2,0
3,8,0x51985300,2,0
3,9,0x51985500,2,0
3,10,0x51985680,2,0
3,17,0x51985080,2,0
3,18,0x51985000,2,0
3,24,0x51985400,2,0
;
1,4,2,4,2
2,1,0,2,4,2
2,2,0,2,4,2
2,3,4,2,4,2
2,4,4,2,0,2
2,5,4,2,0,0
2,7,4,2,0,2
2,8,0,2,4,2
2,12,0,0,4,2
2,13,4,2,4,2
2,14,4,2,0,2
2,21,4,2,0,2
2,22,0,2,4,2
3,0,0x51985280,3,0
3,1,0x51985200,3,0
3,2,0x51985300,3,0
3,3,0x51985380,3,0
3,4,0x51985580,3,0
3,5,0x51985480,3,0
3,7,0x51985180,3,0
3,8,0x51985100,3,0
3,12,0x51985400,3,0
3,13,0x51985500,3,0
3,14,0x51985680,3,0
3,21,0x51985080,3,0
3,22,0x51985000,3,0
;
1,2,4,2,4
2,1,2,4,2,4
2,2,2,0,2,4
2,3,2,0,2,4
2,4,2,0,2,4
2,5,2,4,2,0
2,7,2,4,0,0
2,8,2,4,2,0
2,9,2,4,2,4
2,10,0,0,2,4
2,16,2,0,2,4
2,17,2,4,2,0
2,24,2,4,2,0
3,0,0x51985280,0,1
3,1,0x51985380,0,1
3,2,0x51985300,0,1
3,3,0x51985200,0,1
3,4,0x51985100,0,1
3,5,0x51985180,0,1
3,7,0x51985480,0,1
3,8,0x51985580,0,1
3,9,0x51985500,0,1
3,10,0x51985400,0,1
3,16,0x51985000,0,1
3,17,0x51985080,0,1
3,24,0x51985680,0,1
;
1,4,2,4,2
2,1,0,2,4,2
2,2,0,2,4,2
2,3,4,2,0,2
2,5,4,0,0,2
2,6,4,2,0,2
2,7,4,2,4,2
2,8,0,2,4,2
2,12,0,2,4,2
2,13,4,2,0,2
2,20,4,2,0,2
2,21,4,2,4,2
2,22,0,2,4,0
3,0,0x51985280,1,1
3,1,0x51985200,1,1
3,2,0x51985100,1,1
3,3,0x51985180,1,1
3,5,0x51985480,1,1
3,6,0x51985580,1,1
3,7,0x51985380,1,1
3,8,0x51985300,1,1
3,12,0x51985000,1,1
3,13,0x51985080,1,1
3,20,0x51985680,1,1
3,21,0x51985500,1,1
3,22,0x51985400,1,1
;
1,2,4,2,4
2,1,2,0,2,4
2,3,0,0,2,4
2,4,2,0,2,4
2,5,2,4,2,4
2,6,2,4,2,0
2,7,2,4,2,0
2,8,2,4,2,0
2,9,2,0,2,4
2,16,2,0,2,4
2,17,2,4,2,4
2,18,2,4,0,0
2,24,2,4,2,0
3,0,0x51985280,2,1
3,1,0x51985180,2,1
3,3,0x51985480,2,1
3,4,0x51985580,2,1
3,5,0x51985380,2,1
3,6,0x51985300,2,1
3,7,0x51985200,2,1
3,8,0x51985100,2,1
3,9,0x51985080,2,1
3,16,0x51985680,2,1
3,17,0x51985500,2,1
3,18,0x51985400,2,1
3,24,0x51985000,2,1
;
1,4,2,4,2
2,1,0,2,4,0
2,2,0,2,4,2
2,3,4,2,4,2
2,4,4,2,0,2
2,5,4,2,0,2
2,6,4,2,0,2
2,7,0,2,4,2
2,12,0,2,4,2
2,13,4,2,4,2
2,14,4,0,0,2
2,20,4,2,0,2
2,21,0,2,4,2
3,0,0x51985280,3,1
3,1,0x51985480,3,1
3,2,0x51985580,3,1
3,3,0x51985380,3,1
3,4,0x51985300,3,1
3,5,0x51985200,3,1
3,6,0x51985100,3,1
3,7,0x51985180,3,1
3,12,0x51985680,3,1
3,13,0x51985500,3,1
3,14,0x51985400,3,1
3,20,0x51985000,3,1
3,21,0x51985080,3,1
;
;<>--Section-1
;
1,2,4,4,4
2,1,2,4,2,0
2,2,2,4,2,4
2,3,2,0,2,4
2,4,2,0,0,4
2,5,4,4,3,4
2,6,4,4,4,1
2,7,0,4,4,0
2,9,0,4,2,0
2,10,2,4,2,4
2,11,2,0,2,4
2,12,2,0,0,4
2,17,3,0,0,1
2,18,4,1,3,0
2,19,3,0,0,1
2,20,0,1,3,0
3,0,0x51985a80,0,0
3,1,0x51985980,0,0
3,2,0x51985800,0,0
3,3,0x51985900,0,0
3,4,0x51985a00,0,0
3,5,0x51985b00,0,0
3,6,0x51985c80,0,0
3,7,0x51985b80,0,0
3,9,0x51985880,0,0
3,10,0x51985780,0,0
3,11,0x51985600,0,0
3,12,0x51985700,0,0
3,17,0x51985c00,0,0
3,18,0x51985d00,0,0
3,19,0x51985e00,0,0
3,20,0x51985d80,0,0
;
1,4,2,4,4
2,1,0,0,4,4
2,3,0,2,4,2
2,4,4,2,4,2
2,5,4,2,0,2
2,6,4,2,0,0
2,7,4,4,4,3
2,8,1,4,4,4
2,13,0,0,4,2
2,14,4,2,4,2
2,15,4,2,0,2
2,16,4,2,0,0
2,21,1,3,0,0
2,22,0,4,1,3
2,23,1,3,0,0
2,24,0,0,1,3
3,0,0x51985a80,1,0
3,1,0x51985b80,1,0
3,3,0x51985980,1,0
3,4,0x51985800,1,0
3,5,0x51985900,1,0
3,6,0x51985a00,1,0
3,7,0x51985b00,1,0
3,8,0x51985c80,1,0
3,13,0x51985880,1,0
3,14,0x51985780,1,0
3,15,0x51985600,1,0
3,16,0x51985700,1,0
3,21,0x51985c00,1,0
3,22,0x51985d00,1,0
3,23,0x51985e00,1,0
3,24,0x51985d80,1,0
;
1,4,4,2,4
2,1,3,4,4,4
2,2,4,1,4,4
2,3,4,0,0,4
2,5,2,0,2,4
2,6,2,4,2,4
2,7,2,4,2,0
2,8,0,4,2,0
2,9,0,1,3,0
2,10,3,0,4,1
2,11,0,1,3,0
2,12,3,0,0,1
2,17,2,0,0,4
2,18,2,4,2,4
2,19,2,4,2,0
2,20,0,4,2,0
3,0,0x51985a80,2,0
3,1,0x51985b00,2,0
3,2,0x51985c80,2,0
3,3,0x51985b80,2,0
3,5,0x51985980,2,0
3,6,0x51985800,2,0
3,7,0x51985900,2,0
3,8,0x51985a00,2,0
3,9,0x51985c00,2,0
3,10,0x51985d00,2,0
3,11,0x51985e00,2,0
3,12,0x51985d80,2,0
3,17,0x51985880,2,0
3,18,0x51985780,2,0
3,19,0x51985600,2,0
3,20,0x51985700,2,0
;
1,4,4,4,2
2,1,0,2,4,2
2,2,0,0,4,2
2,3,4,3,4,4
2,4,4,4,1,4
2,5,4,4,0,0
2,7,4,2,0,2
2,8,4,2,4,2
2,13,0,0,1,3
2,14,1,3,0,4
2,15,0,0,1,3
2,16,1,3,0,0
2,21,4,2,0,0
2,22,4,2,4,2
2,23,0,2,4,2
2,24,0,0,4,2
3,0,0x51985a80,3,0
3,1,0x51985900,3,0
3,2,0x51985a00,3,0
3,3,0x51985b00,3,0
3,4,0x51985c80,3,0
3,5,0x51985b80,3,0
3,7,0x51985980,3,0
3,8,0x51985800,3,0
3,13,0x51985c00,3,0
3,14,0x51985d00,3,0
3,15,0x51985e00,3,0
3,16,0x51985d80,3,0
3,21,0x51985880,3,0
3,22,0x51985780,3,0
3,23,0x51985600,3,0
3,24,0x51985700,3,0
;
1,4,4,2,4
2,1,1,4,4,4
2,2,0,0,2,4
2,3,2,0,2,4
2,4,2,4,2,4
2,5,2,4,2,0
2,7,4,4,0,0
2,8,4,4,4,3
2,9,0,0,1,3
2,14,0,0,2,4
2,15,2,0,2,4
2,16,2,4,2,4
2,17,2,4,0,0
2,22,1,3,0,0
2,23,0,0,1,3
2,24,1,3,4,0
3,0,0x51985a80,0,1
3,1,0x51985b00,0,1
3,2,0x51985a00,0,1
3,3,0x51985900,0,1
3,4,0x51985800,0,1
3,5,0x51985980,0,1
3,7,0x51985b80,0,1
3,8,0x51985c80,0,1
3,9,0x51985c00,0,1
3,14,0x51985700,0,1
3,15,0x51985600,0,1
3,16,0x51985780,0,1
3,17,0x51985880,0,1
3,22,0x51985d80,0,1
3,23,0x51985e00,0,1
3,24,0x51985d00,0,1
;
1,4,2,4,4
2,1,0,2,4,2
2,2,4,2,4,2
2,3,4,2,0,2
2,5,4,0,0,4
2,6,4,4,3,4
2,7,4,4,4,1
2,8,0,2,4,0
2,10,0,2,4,0
2,11,0,2,4,2
2,12,4,2,4,2
2,13,4,0,0,2
2,18,3,0,0,1
2,19,0,1,3,0
2,20,3,4,0,1
2,21,0,1,3,0
3,0,0x51985a80,1,1
3,1,0x51985900,1,1
3,2,0x51985800,1,1
3,3,0x51985980,1,1
3,5,0x51985b80,1,1
3,6,0x51985c80,1,1
3,7,0x51985b00,1,1
3,8,0x51985a00,1,1
3,10,0x51985700,1,1
3,11,0x51985600,1,1
3,12,0x51985780,1,1
3,13,0x51985880,1,1
3,18,0x51985d80,1,1
3,19,0x51985e00,1,1
3,20,0x51985d00,1,1
3,21,0x51985c00,1,1
;
1,2,4,4,4
2,1,2,0,2,4
2,3,0,0,4,4
2,4,4,3,4,4
2,5,4,4,1,4
2,6,2,4,0,0
2,7,2,4,2,0
2,8,2,4,2,4
2,9,0,0,2,4
2,14,0,0,1,3
2,15,1,3,0,0
2,16,4,0,1,3
2,17,1,3,0,0
2,22,2,4,0,0
2,23,2,4,2,0
2,24,2,4,2,4
3,0,0x51985a80,2,1
3,1,0x51985980,2,1
3,3,0x51985b80,2,1
3,4,0x51985c80,2,1
3,5,0x51985b00,2,1
3,6,0x51985a00,2,1
3,7,0x51985900,2,1
3,8,0x51985800,2,1
3,9,0x51985880,2,1
3,14,0x51985d80,2,1
3,15,0x51985e00,2,1
3,16,0x51985d00,2,1
3,17,0x51985c00,2,1
3,22,0x51985700,2,1
3,23,0x51985600,2,1
3,24,0x51985780,2,1
;
1,4,4,4,2
2,1,0,4,4,0
2,2,3,4,4,4
2,3,4,1,4,4
2,4,4,0,0,2
2,5,4,2,0,2
2,6,4,2,4,2
2,7,0,2,4,2
2,10,0,1,3,0
2,11,3,0,0,1
2,12,0,1,3,4
2,13,3,0,0,1
2,18,4,0,0,2
2,19,4,2,0,2
2,20,4,2,4,2
2,21,0,2,4,0
3,0,0x51985a80,3,1
3,1,0x51985b80,3,1
3,2,0x51985c80,3,1
3,3,0x51985b00,3,1
3,4,0x51985a00,3,1
3,5,0x51985900,3,1
3,6,0x51985800,3,1
3,7,0x51985980,3,1
3,10,0x51985d80,3,1
3,11,0x51985e00,3,1
3,12,0x51985d00,3,1
3,13,0x51985c00,3,1
3,18,0x51985700,3,1
3,19,0x51985600,3,1
3,20,0x51985780,3,1
3,21,0x51985880,3,1
;