;Advanced Bridge Enabler
;Start_Prevents
;L0
0x5f0f500f,1,0,0x5d540200,1,0=0,0,0,0,0,0
0x5f0f5100,1,0,0x5d540200,1,0=0,0,0,0,0,0
0x5f0f5100,3,0,0x5d540200,1,0=0,0,0,0,0,0
0x5f0f5200,1,0,0x5d540200,1,0=0,0,0,0,0,0
0x5f0f5200,3,0,0x5d540200,1,0=0,0,0,0,0,0
0x5f0f540f,1,0,0x5d540200,1,0=0,0,0,0,0,0
0x5f0f5500,1,0,0x5d540200,1,0=0,0,0,0,0,0
0x5f0f5500,3,0,0x5d540200,1,0=0,0,0,0,0,0
0x5f0f5600,1,0,0x5d540200,1,0=0,0,0,0,0,0
0x5f0f5600,3,0,0x5d540200,1,0=0,0,0,0,0,0
0x5f0f5a0f,1,0,0x5d540200,1,0=0,0,0,0,0,0
0x5f0f5b00,1,0,0x5d540200,1,0=0,0,0,0,0,0
0x5f0f5b00,3,0,0x5d540200,1,0=0,0,0,0,0,0
0x5f0f5c00,1,0,0x5d540200,1,0=0,0,0,0,0,0
0x5f0f5c00,3,0,0x5d540200,1,0=0,0,0,0,0,0
;
0x5f0f500f,1,0,0x5da40200,1,0=0,0,0,0,0,0
0x5f0f5100,1,0,0x5da40200,1,0=0,0,0,0,0,0
0x5f0f5100,3,0,0x5da40200,1,0=0,0,0,0,0,0
0x5f0f5200,1,0,0x5da40200,1,0=0,0,0,0,0,0
0x5f0f5200,3,0,0x5da40200,1,0=0,0,0,0,0,0
0x5f0f540f,1,0,0x5da40200,1,0=0,0,0,0,0,0
0x5f0f5500,1,0,0x5da40200,1,0=0,0,0,0,0,0
0x5f0f5500,3,0,0x5da40200,1,0=0,0,0,0,0,0
0x5f0f5600,1,0,0x5da40200,1,0=0,0,0,0,0,0
0x5f0f5600,3,0,0x5da40200,1,0=0,0,0,0,0,0
0x5f0f5a0f,1,0,0x5da40200,1,0=0,0,0,0,0,0
0x5f0f5b00,1,0,0x5da40200,1,0=0,0,0,0,0,0
0x5f0f5b00,3,0,0x5da40200,1,0=0,0,0,0,0,0
0x5f0f5c00,1,0,0x5da40200,1,0=0,0,0,0,0,0
0x5f0f5c00,3,0,0x5da40200,1,0=0,0,0,0,0,0
;
0x5f0f7100,1,0,0x5d540000,1,0=0,0,0,0,0,0
0x5f0f7100,3,0,0x5d540000,1,0=0,0,0,0,0,0
0x5f0f7200,1,0,0x5d540000,1,0=0,0,0,0,0,0
0x5f0f7200,3,0,0x5d540000,1,0=0,0,0,0,0,0
0x5f0f7500,1,0,0x5d540000,1,0=0,0,0,0,0,0
0x5f0f7500,3,0,0x5d540000,1,0=0,0,0,0,0,0
0x5f0f7600,1,0,0x5d540000,1,0=0,0,0,0,0,0
0x5f0f7600,3,0,0x5d540000,1,0=0,0,0,0,0,0
0x5f0f7b00,1,0,0x5d540000,1,0=0,0,0,0,0,0
0x5f0f7b00,3,0,0x5d540000,1,0=0,0,0,0,0,0
0x5f0f7c00,1,0,0x5d540000,1,0=0,0,0,0,0,0
0x5f0f7c00,3,0,0x5d540000,1,0=0,0,0,0,0,0
;
0x5f0f7100,1,0,0x5d540000,3,0=0,0,0,0,0,0
0x5f0f7100,3,0,0x5d540000,3,0=0,0,0,0,0,0
0x5f0f7200,1,0,0x5d540000,3,0=0,0,0,0,0,0
0x5f0f7200,3,0,0x5d540000,3,0=0,0,0,0,0,0
0x5f0f7500,1,0,0x5d540000,3,0=0,0,0,0,0,0
0x5f0f7500,3,0,0x5d540000,3,0=0,0,0,0,0,0
0x5f0f7600,1,0,0x5d540000,3,0=0,0,0,0,0,0
0x5f0f7600,3,0,0x5d540000,3,0=0,0,0,0,0,0
0x5f0f7b00,1,0,0x5d540000,3,0=0,0,0,0,0,0
0x5f0f7b00,3,0,0x5d540000,3,0=0,0,0,0,0,0
0x5f0f7c00,1,0,0x5d540000,3,0=0,0,0,0,0,0
0x5f0f7c00,3,0,0x5d540000,3,0=0,0,0,0,0,0
;
0x5f0f7100,1,0,0x5d540200,1,0=0,0,0,0,0,0
0x5f0f7100,3,0,0x5d540200,1,0=0,0,0,0,0,0
0x5f0f7200,1,0,0x5d540200,1,0=0,0,0,0,0,0
0x5f0f7200,3,0,0x5d540200,1,0=0,0,0,0,0,0
0x5f0f7500,1,0,0x5d540200,1,0=0,0,0,0,0,0
0x5f0f7500,3,0,0x5d540200,1,0=0,0,0,0,0,0
0x5f0f7600,1,0,0x5d540200,1,0=0,0,0,0,0,0
0x5f0f7600,3,0,0x5d540200,1,0=0,0,0,0,0,0
0x5f0f7b00,1,0,0x5d540200,1,0=0,0,0,0,0,0
0x5f0f7b00,3,0,0x5d540200,1,0=0,0,0,0,0,0
0x5f0f7c00,1,0,0x5d540200,1,0=0,0,0,0,0,0
0x5f0f7c00,3,0,0x5d540200,1,0=0,0,0,0,0,0
;
0x5f0f7100,1,0,0x5da40200,1,0=0,0,0,0,0,0
0x5f0f7100,3,0,0x5da40200,1,0=0,0,0,0,0,0
0x5f0f7200,1,0,0x5da40200,1,0=0,0,0,0,0,0
0x5f0f7200,3,0,0x5da40200,1,0=0,0,0,0,0,0
0x5f0f7500,1,0,0x5da40200,1,0=0,0,0,0,0,0
0x5f0f7500,3,0,0x5da40200,1,0=0,0,0,0,0,0
0x5f0f7600,1,0,0x5da40200,1,0=0,0,0,0,0,0
0x5f0f7600,3,0,0x5da40200,1,0=0,0,0,0,0,0
0x5f0f7b00,1,0,0x5da40200,1,0=0,0,0,0,0,0
0x5f0f7b00,3,0,0x5da40200,1,0=0,0,0,0,0,0
0x5f0f7c00,1,0,0x5da40200,1,0=0,0,0,0,0,0
0x5f0f7c00,3,0,0x5da40200,1,0=0,0,0,0,0,0
;L1
0x5f0f7105,1,0,0x5d540000,1,0=0,0,0,0,0,0
0x5f0f7105,3,0,0x5d540000,1,0=0,0,0,0,0,0
0x5f0f7205,1,0,0x5d540000,1,0=0,0,0,0,0,0
0x5f0f7205,3,0,0x5d540000,1,0=0,0,0,0,0,0
0x5f0f7505,1,0,0x5d540000,1,0=0,0,0,0,0,0
0x5f0f7505,3,0,0x5d540000,1,0=0,0,0,0,0,0
0x5f0f7605,1,0,0x5d540000,1,0=0,0,0,0,0,0
0x5f0f7605,3,0,0x5d540000,1,0=0,0,0,0,0,0
0x5f0f7b05,1,0,0x5d540000,1,0=0,0,0,0,0,0
0x5f0f7b05,3,0,0x5d540000,1,0=0,0,0,0,0,0
0x5f0f7c05,1,0,0x5d540000,1,0=0,0,0,0,0,0
0x5f0f7c05,3,0,0x5d540000,1,0=0,0,0,0,0,0
;
0x5f0f7105,1,0,0x5d540000,3,0=0,0,0,0,0,0
0x5f0f7105,3,0,0x5d540000,3,0=0,0,0,0,0,0
0x5f0f7205,1,0,0x5d540000,3,0=0,0,0,0,0,0
0x5f0f7205,3,0,0x5d540000,3,0=0,0,0,0,0,0
0x5f0f7505,1,0,0x5d540000,3,0=0,0,0,0,0,0
0x5f0f7505,3,0,0x5d540000,3,0=0,0,0,0,0,0
0x5f0f7605,1,0,0x5d540000,3,0=0,0,0,0,0,0
0x5f0f7605,3,0,0x5d540000,3,0=0,0,0,0,0,0
0x5f0f7b05,1,0,0x5d540000,3,0=0,0,0,0,0,0
0x5f0f7b05,3,0,0x5d540000,3,0=0,0,0,0,0,0
0x5f0f7c05,1,0,0x5d540000,3,0=0,0,0,0,0,0
0x5f0f7c05,3,0,0x5d540000,3,0=0,0,0,0,0,0
;
0x5f0f7105,1,0,0x5d540200,1,0=0,0,0,0,0,0
0x5f0f7105,3,0,0x5d540200,1,0=0,0,0,0,0,0
0x5f0f7205,1,0,0x5d540200,1,0=0,0,0,0,0,0
0x5f0f7205,3,0,0x5d540200,1,0=0,0,0,0,0,0
0x5f0f7505,1,0,0x5d540200,1,0=0,0,0,0,0,0
0x5f0f7505,3,0,0x5d540200,1,0=0,0,0,0,0,0
0x5f0f7605,1,0,0x5d540200,1,0=0,0,0,0,0,0
0x5f0f7605,3,0,0x5d540200,1,0=0,0,0,0,0,0
0x5f0f7b05,1,0,0x5d540200,1,0=0,0,0,0,0,0
0x5f0f7b05,3,0,0x5d540200,1,0=0,0,0,0,0,0
0x5f0f7c05,1,0,0x5d540200,1,0=0,0,0,0,0,0
0x5f0f7c05,3,0,0x5d540200,1,0=0,0,0,0,0,0
;
0x5f0f7105,1,0,0x5da40200,1,0=0,0,0,0,0,0
0x5f0f7105,3,0,0x5da40200,1,0=0,0,0,0,0,0
0x5f0f7205,1,0,0x5da40200,1,0=0,0,0,0,0,0
0x5f0f7205,3,0,0x5da40200,1,0=0,0,0,0,0,0
0x5f0f7505,1,0,0x5da40200,1,0=0,0,0,0,0,0
0x5f0f7505,3,0,0x5da40200,1,0=0,0,0,0,0,0
0x5f0f7605,1,0,0x5da40200,1,0=0,0,0,0,0,0
0x5f0f7605,3,0,0x5da40200,1,0=0,0,0,0,0,0
0x5f0f7b05,1,0,0x5da40200,1,0=0,0,0,0,0,0
0x5f0f7b05,3,0,0x5da40200,1,0=0,0,0,0,0,0
0x5f0f7c05,1,0,0x5da40200,1,0=0,0,0,0,0,0
0x5f0f7c05,3,0,0x5da40200,1,0=0,0,0,0,0,0
;L2
0x5f0f710a,1,0,0x5d540000,1,0=0,0,0,0,0,0
0x5f0f710a,3,0,0x5d540000,1,0=0,0,0,0,0,0
0x5f0f720a,1,0,0x5d540000,1,0=0,0,0,0,0,0
0x5f0f720a,3,0,0x5d540000,1,0=0,0,0,0,0,0
0x5f0f750a,1,0,0x5d540000,1,0=0,0,0,0,0,0
0x5f0f750a,3,0,0x5d540000,1,0=0,0,0,0,0,0
0x5f0f760a,1,0,0x5d540000,1,0=0,0,0,0,0,0
0x5f0f760a,3,0,0x5d540000,1,0=0,0,0,0,0,0
0x5f0f7b0a,1,0,0x5d540000,1,0=0,0,0,0,0,0
0x5f0f7b0a,3,0,0x5d540000,1,0=0,0,0,0,0,0
0x5f0f7c0a,1,0,0x5d540000,1,0=0,0,0,0,0,0
0x5f0f7c0a,3,0,0x5d540000,1,0=0,0,0,0,0,0
;
0x5f0f710a,1,0,0x5d540000,3,0=0,0,0,0,0,0
0x5f0f710a,3,0,0x5d540000,3,0=0,0,0,0,0,0
0x5f0f720a,1,0,0x5d540000,3,0=0,0,0,0,0,0
0x5f0f720a,3,0,0x5d540000,3,0=0,0,0,0,0,0
0x5f0f750a,1,0,0x5d540000,3,0=0,0,0,0,0,0
0x5f0f750a,3,0,0x5d540000,3,0=0,0,0,0,0,0
0x5f0f760a,1,0,0x5d540000,3,0=0,0,0,0,0,0
0x5f0f760a,3,0,0x5d540000,3,0=0,0,0,0,0,0
0x5f0f7b0a,1,0,0x5d540000,3,0=0,0,0,0,0,0
0x5f0f7b0a,3,0,0x5d540000,3,0=0,0,0,0,0,0
0x5f0f7c0a,1,0,0x5d540000,3,0=0,0,0,0,0,0
0x5f0f7c0a,3,0,0x5d540000,3,0=0,0,0,0,0,0
;
0x5f0f710a,1,0,0x5d540200,1,0=0,0,0,0,0,0
0x5f0f710a,3,0,0x5d540200,1,0=0,0,0,0,0,0
0x5f0f720a,1,0,0x5d540200,1,0=0,0,0,0,0,0
0x5f0f720a,3,0,0x5d540200,1,0=0,0,0,0,0,0
0x5f0f750a,1,0,0x5d540200,1,0=0,0,0,0,0,0
0x5f0f750a,3,0,0x5d540200,1,0=0,0,0,0,0,0
0x5f0f760a,1,0,0x5d540200,1,0=0,0,0,0,0,0
0x5f0f760a,3,0,0x5d540200,1,0=0,0,0,0,0,0
0x5f0f7b0a,1,0,0x5d540200,1,0=0,0,0,0,0,0
0x5f0f7b0a,3,0,0x5d540200,1,0=0,0,0,0,0,0
0x5f0f7c0a,1,0,0x5d540200,1,0=0,0,0,0,0,0
0x5f0f7c0a,3,0,0x5d540200,1,0=0,0,0,0,0,0
;
0x5f0f710a,1,0,0x5da40200,1,0=0,0,0,0,0,0
0x5f0f710a,3,0,0x5da40200,1,0=0,0,0,0,0,0
0x5f0f720a,1,0,0x5da40200,1,0=0,0,0,0,0,0
0x5f0f720a,3,0,0x5da40200,1,0=0,0,0,0,0,0
0x5f0f750a,1,0,0x5da40200,1,0=0,0,0,0,0,0
0x5f0f750a,3,0,0x5da40200,1,0=0,0,0,0,0,0
0x5f0f760a,1,0,0x5da40200,1,0=0,0,0,0,0,0
0x5f0f760a,3,0,0x5da40200,1,0=0,0,0,0,0,0
0x5f0f7b0a,1,0,0x5da40200,1,0=0,0,0,0,0,0
0x5f0f7b0a,3,0,0x5da40200,1,0=0,0,0,0,0,0
0x5f0f7c0a,1,0,0x5da40200,1,0=0,0,0,0,0,0
0x5f0f7c0a,3,0,0x5da40200,1,0=0,0,0,0,0,0
;
;End-Prevents
;