1,00,00,00,01
3,0,0x09000200,0,0
1,00,00,00,02
3,0,0x09000300,0,0
1,00,00,00,03
3,0,0x09000200,0,1
1,00,00,00,11
3,0,0x09000500,0,0
1,00,00,00,13
3,0,0x09000500,0,1
1,00,00,01,00
3,0,0x09000200,3,0
1,00,00,01,01
3,0,0x09000800,0,0
1,00,00,01,03
3,0,0x09000A00,0,0
1,00,00,01,11
3,0,0x09001700,0,0
1,00,00,01,13
3,0,0x09000C00,0,0
1,00,00,02,00
3,0,0x09000300,3,0
1,00,00,02,02
3,0,0x09000F00,0,0
1,00,00,02,11
3,0,0x09001100,0,0
1,00,00,02,13
3,0,0x09001200,0,0
1,00,00,03,00
3,0,0x09000200,1,1
1,00,00,03,01
3,0,0x09001400,0,0
1,00,00,03,03
3,0,0x09000800,1,1
1,00,00,11,00
3,0,0x09000500,3,0
1,00,00,11,02
3,0,0x09001200,1,1
1,00,00,11,03
3,0,0x09000C00,1,1
1,00,00,11,13
3,0,0x09001E00,0,0
1,00,00,13,00
3,0,0x09000500,1,1
1,00,00,13,02
3,0,0x09001100,1,1
1,00,00,13,03
3,0,0x09001700,1,1
1,00,00,13,11
3,0,0x09002300,0,0
1,00,01,00,00
3,0,0x09000200,2,0
1,00,01,00,01
3,0,0x09002600,0,0
1,00,01,00,03
3,0,0x09002800,0,0
1,00,01,00,11
3,0,0x09002900,0,0
1,00,01,00,13
3,0,0x09002A00,0,1
1,00,01,01,00
3,0,0x09000800,3,0
1,00,01,01,01
3,0,0x09002c00,0,0
1,00,01,01,03
3,0,0x09002e00,0,0
1,00,01,03,00
3,0,0x09000A00,3,0
1,00,01,03,01
3,0,0x09003800,0,0
1,00,01,03,02
3,0,0x09003900,0,0
1,00,01,03,03
3,0,0x09002E00,2,1
1,00,01,03,11
3,0,0x09003B00,0,0
1,00,01,11,00
3,0,0x09001700,3,0
1,00,01,13,00
3,0,0x09000C00,3,0
1,00,02,00,00
3,0,0x09000300,2,0
1,00,02,00,02
3,0,0x09004B00,0,0
1,00,02,00,11
3,0,0x09004D00,0,0
1,00,02,00,13
3,0,0x09004D00,0,1
1,00,02,01,03
3,0,0x09003900,2,1
1,00,02,02,00
3,0,0x09000F00,3,0
1,00,02,02,02
3,0,0x09005700,0,0
1,00,02,02,11
3,0,0x09005900,0,0
1,00,02,02,13
3,0,0x09005A00,0,0
1,00,02,11,00
3,0,0x09001100,3,0
1,00,02,11,02
3,0,0x09006300,0,0
1,00,02,11,11
3,0,0x09006500,0,0
1,00,02,11,13
3,0,0x09006600,0,0
1,00,02,13,00
3,0,0x09001200,3,0
1,00,02,13,02
3,0,0x09006300,2,1
1,00,02,13,11
3,0,0x09006B00,0,0
1,00,02,13,13
3,0,0x09006C00,0,0
1,00,03,00,00
3,0,0x09000200,2,1
1,00,03,00,01
3,0,0x09002800,2,0
1,00,03,00,03
3,0,0x09002600,0,1
1,00,03,00,11
3,0,0x09002A00,0,0
1,00,03,00,13
3,0,0x09002900,0,1
1,00,03,01,00
3,0,0x09001400,3,0
1,00,03,01,01
3,0,0x09007400,0,0
1,00,03,01,03
3,0,0x09003800,2,1
1,00,03,01,11
3,0,0x09007700,0,0
1,00,03,03,00
3,0,0x09000800,2,1
1,00,03,03,01
3,0,0x09007400,2,1
1,00,03,03,03
3,0,0x09002C00,2,1
1,00,03,03,11
3,0,0x09008300,0,0
1,00,11,00,00
3,0,0x09000500,2,0
1,00,11,00,01
3,0,0x09002900,2,0
1,00,11,00,02
3,0,0x09004D00,2,0
1,00,11,00,03
3,0,0x09002A00,2,0
1,00,11,00,11
3,0,0x09009500,0,0
1,00,11,00,13
3,0,0x09009600,0,0
1,00,11,02,00
3,0,0x09001200,2,1
1,00,11,02,02
3,0,0x09005A00,2,1
1,00,11,02,11
3,0,0x0900A100,0,0
1,00,11,02,13
3,0,0x0900A200,0,0
1,00,11,03,00
3,0,0x09000C00,2,1
1,00,11,11,02
3,0,0x09006C00,2,1
1,00,11,11,11
3,0,0x0900AD00,0,0
1,00,11,11,13
3,0,0x0900AE00,0,0
1,00,11,13,00
3,0,0x09001E00,3,0
1,00,11,13,02
3,0,0x09006600,2,1
1,00,11,13,11
3,0,0x0900B300,0,0
1,00,11,13,13
3,0,0x0900AE00,2,1
1,00,13,00,00
3,0,0x09000500,2,1
1,00,13,00,01
3,0,0x09002A00,2,1
1,00,13,00,02
3,0,0x09004D00,2,1
1,00,13,00,03
3,0,0x09002900,2,1
1,00,13,00,11
3,0,0x09009600,2,0
1,00,13,00,13
3,0,0x09009500,0,1
1,00,13,01,01
3,0,0x09008300,2,1
1,00,13,01,03
3,0,0x09003B00,2,1
1,00,13,02,00
3,0,0x09001100,2,1
1,00,13,02,02
3,0,0x09005900,2,1
1,00,13,02,11
3,0,0x0900C500,0,0
1,00,13,02,13
3,0,0x0900A100,2,1
1,00,13,03,00
3,0,0x09001700,2,1
1,00,13,03,01
3,0,0x09007700,2,1
1,00,13,11,00
3,0,0x09002300,3,0
1,00,13,11,02
3,0,0x09006B00,2,1
1,00,13,11,11
3,0,0x0900D100,0,0
1,00,13,11,13
3,0,0x0900B300,2,1
1,00,13,13,02
3,0,0x09006500,2,1
1,00,13,13,11
3,0,0x0900D100,2,1
1,00,13,13,13
3,0,0x0900AD00,2,1
1,01,00,00,00
3,0,0x09000200,1,0
1,01,00,00,01
3,0,0x09000800,1,0
1,01,00,00,03
3,0,0x09001400,1,0
1,01,00,01,00
3,0,0x09002600,3,0
1,01,00,01,01
3,0,0x09002C00,1,0
1,01,00,01,03
3,0,0x09003800,1,0
1,01,00,03,00
3,0,0x09002800,3,0
1,01,00,03,01
3,0,0x09007400,1,0
1,01,00,03,03
3,0,0x09007400,1,1
1,01,00,11,00
3,0,0x09002900,3,0
1,01,00,13,00
3,0,0x09002A00,1,1
1,01,00,13,01
3,0,0x09008300,1,1
1,01,00,13,03
3,0,0x09007700,1,1
1,01,01,00,00
3,0,0x09000800,2,0
1,01,01,00,01
3,0,0x09002C00,2,0
1,01,01,00,03
3,0,0x09007400,2,0
1,01,01,00,13
3,0,0x09008300,0,1
1,01,01,01,00
3,0,0x09002C00,3,0
1,01,01,01,01
3,0,0x09010400,0,0
1,01,01,01,03
3,0,0x09010600,0,0
1,01,01,03,00
3,0,0x09002E00,3,0
1,01,01,03,01
3,0,0x09010600,3,0
1,01,01,03,03
3,0,0x09011200,0,0
1,01,03,00,00
3,0,0x09000A00,2,0
1,01,03,00,01
3,0,0x09002E00,2,0
1,01,03,00,02
3,0,0x09003900,0,1
1,01,03,00,03
3,0,0x09003800,0,1
1,01,03,00,13
3,0,0x09003B00,0,1
1,01,03,01,00
3,0,0x09003800,3,0
1,01,03,01,01
3,0,0x09010600,2,0
1,01,03,01,03
3,0,0x09014E00,0,0
1,01,03,02,00
3,0,0x09003900,3,0
1,01,03,02,02
3,0,0x09015300,0,0
1,01,03,02,11
3,0,0x09015500,0,0
1,01,03,02,13
3,0,0x09015600,0,0
1,01,03,03,00
3,0,0x09002E00,3,1
1,01,03,03,01
3,0,0x09011200,3,0
1,01,03,03,03
3,0,0x09010600,3,1
1,01,03,11,00
3,0,0x09003B00,3,0
1,01,03,11,02
3,0,0x09015600,1,1
1,01,03,13,02
3,0,0x09015500,1,1
1,01,11,00,00
3,0,0x09001700,2,0
1,01,11,00,03
3,0,0x09007700,2,0
1,01,13,00,00
3,0,0x09000C00,2,0
1,02,00,00,00
3,0,0x09000300,1,0
1,02,00,00,02
3,0,0x09000F00,1,0
1,02,00,00,11
3,0,0x09001200,0,1
1,02,00,00,13
3,0,0x09001100,0,1
1,02,00,01,03
3,0,0x09003900,1,0
1,02,00,02,00
3,0,0x09004B00,1,0
1,02,00,02,02
3,0,0x09005700,1,0
1,02,00,02,11
3,0,0x09006300,1,0
1,02,00,02,13
3,0,0x09006300,1,1
1,02,00,11,00
3,0,0x09004D00,3,0
1,02,00,11,02
3,0,0x09005A00,1,1
1,02,00,11,11
3,0,0x09006C00,1,1
1,02,00,11,13
3,0,0x09006600,1,1
1,02,00,13,00
3,0,0x09004D00,1,1
1,02,00,13,02
3,0,0x09005900,1,1
1,02,00,13,11
3,0,0x09006B00,1,1
1,02,00,13,13
3,0,0x09006500,1,1
1,02,01,03,00
3,0,0x09003900,3,1
1,02,01,03,02
3,0,0x09015300,1,0
1,02,01,03,11
3,0,0x09015600,0,1
1,02,01,03,13
3,0,0x09015500,0,1
1,02,02,00,00
3,0,0x09000F00,2,0
1,02,02,00,02
3,0,0x09005700,2,0
1,02,02,00,11
3,0,0x09005A00,0,1
1,02,02,00,13
3,0,0x09005900,0,1
1,02,02,01,03
3,0,0x09015300,2,0
1,02,02,02,00
3,0,0x09005700,3,0
1,02,02,02,02
3,0,0x09020700,0,0
1,02,02,02,11
3,0,0x09020900,0,0
1,02,02,02,13
3,0,0x09020900,0,1
1,02,02,11,00
3,0,0x09005900,3,0
1,02,02,11,02
3,0,0x09020900,3,0
1,02,02,11,11
3,0,0x09021500,0,0
1,02,02,11,13
3,0,0x09021600,0,0
1,02,02,13,00
3,0,0x09005A00,3,0
1,02,02,13,02
3,0,0x09020900,1,1
1,02,02,13,11
3,0,0x09021B00,0,0
1,02,02,13,13
3,0,0x09021500,1,1
1,02,11,00,00
3,0,0x09001100,2,0
1,02,11,00,02
3,0,0x09005900,2,0
1,02,11,00,11
3,0,0x0900A100,2,0
1,02,11,00,13
3,0,0x0900C500,2,0
1,02,11,01,03
3,0,0x09015500,2,0
1,02,11,02,00
3,0,0x09006300,3,0
1,02,11,02,02
3,0,0x09020900,2,0
1,02,11,02,11
3,0,0x09025100,0,0
1,02,11,02,13
3,0,0x09025200,0,0
1,02,11,11,00
3,0,0x09006500,3,0
1,02,11,11,02
3,0,0x09021500,3,0
1,02,11,11,11
3,0,0x09025D00,0,0
1,02,11,11,13
3,0,0x09025E00,0,0
1,02,11,13,00
3,0,0x09006600,3,0
1,02,11,13,02
3,0,0x09021600,3,0
1,02,11,13,11
3,0,0x09026300,0,0
1,02,11,13,13
3,0,0x09025E00,2,1
1,02,13,00,00
3,0,0x09001200,2,0
1,02,13,00,02
3,0,0x09005A00,2,0
1,02,13,00,11
3,0,0x0900A200,2,0
1,02,13,00,13
3,0,0x0900A100,0,1
1,02,13,01,03
3,0,0x09015600,2,0
1,02,13,02,00
3,0,0x09006300,3,1
1,02,13,02,02
3,0,0x09020900,2,1
1,02,13,02,11
3,0,0x09025200,2,0
1,02,13,02,13
3,0,0x09025100,0,1
1,02,13,11,00
3,0,0x09006B00,3,0
1,02,13,11,02
3,0,0x09021B00,3,0
1,02,13,11,11
3,0,0x09028100,0,0
1,02,13,11,13
3,0,0x09026300,2,1
1,02,13,13,00
3,0,0x09006C00,3,0
1,02,13,13,02
3,0,0x09021500,2,1
1,02,13,13,11
3,0,0x09028100,2,1
1,02,13,13,13
3,0,0x09025D00,2,1
1,03,00,00,00
3,0,0x09000200,3,1
1,03,00,00,01
3,0,0x09000A00,1,0
1,03,00,00,03
3,0,0x09000800,0,1
1,03,00,00,11
3,0,0x09000C00,0,1
1,03,00,00,13
3,0,0x09001700,0,1
1,03,00,01,00
3,0,0x09002800,1,0
1,03,00,01,01
3,0,0x09002E00,1,0
1,03,00,01,03
3,0,0x09002E00,1,1
1,03,00,02,01
3,0,0x09003900,1,1
1,03,00,03,00
3,0,0x09002600,3,1
1,03,00,03,01
3,0,0x09003800,1,1
1,03,00,03,03
3,0,0x09002C00,1,1
1,03,00,11,00
3,0,0x09002A00,3,0
1,03,00,13,00
3,0,0x09002900,1,1
1,03,00,13,01
3,0,0x09003B00,1,1
1,03,01,00,00
3,0,0x09001400,2,0
1,03,01,00,01
3,0,0x09003800,2,0
1,03,01,00,03
3,0,0x09007400,0,1
1,03,01,00,13
3,0,0x09007700,0,1
1,03,01,01,00
3,0,0x09007400,3,0
1,03,01,01,01
3,0,0x09010600,1,0
1,03,01,01,03
3,0,0x09011200,1,0
1,03,01,03,00
3,0,0x09003800,3,1
1,03,01,03,01
3,0,0x09014E00,3,0
1,03,01,03,03
3,0,0x09010600,2,1
1,03,01,11,00
3,0,0x09007700,3,0
1,03,02,00,01
3,0,0x09003900,2,0
1,03,02,02,01
3,0,0x09015300,3,0
1,03,02,11,01
3,0,0x09015500,3,0
1,03,02,13,01
3,0,0x09015600,3,0
1,03,03,00,00
3,0,0x09000800,3,1
1,03,03,00,01
3,0,0x09002E00,0,1
1,03,03,00,03
3,0,0x09002C00,0,1
1,03,03,01,00
3,0,0x09007400,3,1
1,03,03,01,01
3,0,0x09011200,2,0
1,03,03,01,03
3,0,0x09010600,1,1
1,03,03,03,00
3,0,0x09002C00,3,1
1,03,03,03,01
3,0,0x09010600,0,1
1,03,03,03,03
3,0,0x09010400,0,1
1,03,03,11,00
3,0,0x09008300,3,0
1,03,11,00,01
3,0,0x09003B00,2,0
1,03,11,00,03
3,0,0x09008300,2,0
1,03,11,02,01
3,0,0x09015600,2,1
1,03,13,02,01
3,0,0x09015500,2,1
1,11,00,00,00
3,0,0x09000500,1,0
1,11,00,00,01
3,0,0x09001700,1,0
1,11,00,00,02
3,0,0x09001100,1,0
1,11,00,00,13
3,0,0x09002300,1,0
1,11,00,01,00
3,0,0x09002900,1,0
1,11,00,01,03
3,0,0x09003B00,1,0
1,11,00,02,00
3,0,0x09004D00,1,0
1,11,00,02,02
3,0,0x09005900,1,0
1,11,00,02,11
3,0,0x09006500,1,0
1,11,00,02,13
3,0,0x09006B00,1,0
1,11,00,03,00
3,0,0x09002A00,1,0
1,11,00,03,01
3,0,0x09007700,1,0
1,11,00,03,03
3,0,0x09008300,1,0
1,11,00,11,00
3,0,0x09009500,3,0
1,11,00,11,02
3,0,0x0900A100,1,0
1,11,00,11,11
3,0,0x0900AD00,1,0
1,11,00,11,13
3,0,0x0900B300,1,0
1,11,00,13,00
3,0,0x09009600,3,0
1,11,00,13,02
3,0,0x0900C500,1,0
1,11,00,13,11
3,0,0x0900D100,1,0
1,11,00,13,13
3,0,0x0900D100,1,1
1,11,01,03,02
3,0,0x09015500,1,0
1,11,02,00,00
3,0,0x09001200,3,1
1,11,02,00,02
3,0,0x09006300,2,0
1,11,02,00,11
3,0,0x09006C00,0,1
1,11,02,00,13
3,0,0x09006B00,0,1
1,11,02,01,03
3,0,0x09015600,3,1
1,11,02,02,00
3,0,0x09005A00,3,1
1,11,02,02,02
3,0,0x09020900,1,0
1,11,02,02,11
3,0,0x09021500,1,0
1,11,02,02,13
3,0,0x09021B00,1,0
1,11,02,11,00
3,0,0x0900A100,3,0
1,11,02,11,02
3,0,0x09025100,3,0
1,11,02,11,11
3,0,0x09025D00,1,0
1,11,02,11,13
3,0,0x09026300,1,0
1,11,02,13,00
3,0,0x0900A200,3,0
1,11,02,13,02
3,0,0x09025200,3,0
1,11,02,13,11
3,0,0x09028100,1,0
1,11,02,13,13
3,0,0x09028100,1,1
1,11,03,00,00
3,0,0x09000C00,3,1
1,11,11,00,02
3,0,0x09006500,2,0
1,11,11,00,11
3,0,0x0900AD00,2,0
1,11,11,00,13
3,0,0x0900D100,2,0
1,11,11,02,00
3,0,0x09006C00,3,1
1,11,11,02,02
3,0,0x09021500,2,0
1,11,11,02,11
3,0,0x09025D00,2,0
1,11,11,02,13
3,0,0x09028100,2,0
1,11,11,11,00
3,0,0x0900AD00,3,0
1,11,11,11,02
3,0,0x09025D00,3,0
1,11,11,11,11
3,0,0x09040D00,0,0
1,11,11,11,13
3,0,0x09040E00,0,0
1,11,11,13,00
3,0,0x0900AE00,3,0
1,11,11,13,02
3,0,0x09025E00,3,0
1,11,11,13,11
3,0,0x09040E00,3,0
1,11,11,13,13
3,0,0x09041400,0,0
1,11,13,00,00
3,0,0x09001E00,2,0
1,11,13,00,02
3,0,0x09006600,2,0
1,11,13,00,11
3,0,0x0900AE00,2,0
1,11,13,00,13
3,0,0x0900B300,0,1
1,11,13,02,00
3,0,0x09006600,3,1
1,11,13,02,02
3,0,0x09021600,2,0
1,11,13,02,11
3,0,0x09025E00,2,0
1,11,13,02,13
3,0,0x09026300,0,1
1,11,13,11,00
3,0,0x0900B300,3,0
1,11,13,11,02
3,0,0x09026300,3,0
1,11,13,11,11
3,0,0x09040E00,2,0
1,11,13,11,13
3,0,0x09043200,0,0
1,11,13,13,00
3,0,0x0900AE00,3,1
1,11,13,13,02
3,0,0x09025E00,3,1
1,11,13,13,11
3,0,0x09041400,3,0
1,11,13,13,13
3,0,0x09040E00,3,1
1,13,00,00,00
3,0,0x09000500,3,1
1,13,00,00,01
3,0,0x09000C00,1,0
1,13,00,00,02
3,0,0x09001200,1,0
1,13,00,00,11
3,0,0x09001E00,1,0
1,13,00,01,00
3,0,0x09002A00,3,1
1,13,00,02,00
3,0,0x09004D00,3,1
1,13,00,02,02
3,0,0x09005A00,1,0
1,13,00,02,11
3,0,0x09006600,1,0
1,13,00,02,13
3,0,0x09006C00,1,0
1,13,00,03,00
3,0,0x09002900,3,1
1,13,00,11,00
3,0,0x09009600,1,0
1,13,00,11,02
3,0,0x0900A200,1,0
1,13,00,11,11
3,0,0x0900AE00,1,0
1,13,00,11,13
3,0,0x0900AE00,1,1
1,13,00,13,00
3,0,0x09009500,3,1
1,13,00,13,02
3,0,0x0900A100,1,1
1,13,00,13,11
3,0,0x0900B300,1,1
1,13,00,13,13
3,0,0x0900AD00,1,1
1,13,01,01,00
3,0,0x09008300,3,1
1,13,01,03,00
3,0,0x09003B00,3,1
1,13,01,03,02
3,0,0x09015600,1,0
1,13,02,00,00
3,0,0x09001100,3,1
1,13,02,00,02
3,0,0x09006300,0,1
1,13,02,00,11
3,0,0x09006600,0,1
1,13,02,00,13
3,0,0x09006500,0,1
1,13,02,01,03
3,0,0x09015500,3,1
1,13,02,02,00
3,0,0x09005900,3,1
1,13,02,02,02
3,0,0x09020900,3,1
1,13,02,02,11
3,0,0x09021600,1,0
1,13,02,02,13
3,0,0x09021500,0,1
1,13,02,11,00
3,0,0x0900C500,3,0
1,13,02,11,02
3,0,0x09025200,1,0
1,13,02,11,11
3,0,0x09025E00,1,0
1,13,02,11,13
3,0,0x09025E00,1,1
1,13,02,13,00
3,0,0x0900A100,3,1
1,13,02,13,02
3,0,0x09025100,3,1
1,13,02,13,11
3,0,0x09026300,1,1
1,13,02,13,13
3,0,0x09025D00,1,1
1,13,03,00,00
3,0,0x09001700,3,1
1,13,03,01,00
3,0,0x09007700,3,1
1,13,11,00,00
3,0,0x09002300,2,0
1,13,11,00,02
3,0,0x09006B00,2,0
1,13,11,00,11
3,0,0x0900B300,2,0
1,13,11,00,13
3,0,0x0900D100,0,1
1,13,11,02,00
3,0,0x09006B00,3,1
1,13,11,02,02
3,0,0x09021B00,2,0
1,13,11,02,11
3,0,0x09026300,2,0
1,13,11,02,13
3,0,0x09028100,0,1
1,13,11,11,00
3,0,0x0900D100,3,0
1,13,11,11,02
3,0,0x09028100,3,0
1,13,11,11,11
3,0,0x09040E00,1,0
1,13,11,11,13
3,0,0x09041400,1,0
1,13,11,13,00
3,0,0x0900B300,3,1
1,13,11,13,02
3,0,0x09026300,3,1
1,13,11,13,11
3,0,0x09043200,3,0
1,13,11,13,13
3,0,0x09040E00,2,1
1,13,13,00,02
3,0,0x09006C00,2,0
1,13,13,00,11
3,0,0x0900AE00,0,1
1,13,13,00,13
3,0,0x0900AD00,0,1
1,13,13,02,00
3,0,0x09006500,3,1
1,13,13,02,02
3,0,0x09021500,3,1
1,13,13,02,11
3,0,0x09025E00,0,1
1,13,13,02,13
3,0,0x09025D00,0,1
1,13,13,11,00
3,0,0x0900D100,3,1
1,13,13,11,02
3,0,0x09028100,3,1
1,13,13,11,11
3,0,0x09041400,2,0
1,13,13,11,13
3,0,0x09040E00,1,1
1,13,13,13,00
3,0,0x0900AD00,3,1
1,13,13,13,02
3,0,0x09025D00,3,1
1,13,13,13,11
3,0,0x09040E00,0,1
1,13,13,13,13
3,0,0x09040D00,0,1
