;-------------------------------
;-----Weird RHW stuff-------
;-------------------------------
;Contains a lot of code that is either archaic or essential in a not-so-obvious way
;Could do with a bit of BTS rewriting someday...

;Ortho-Diag Choppy Transition Fix
;Removed entirely due to INRUL Interference and just being a pain in the butt. >=C

;Diag end cap transformation
;
1,3,0,1,0
2,1,0,1,3,0
2,5,1,3,0,0
3,0,0x57000700,1,0
3,1,0x57000500,3,0
3,5,0x57000500,3,1
;
;Diag - Straight intersection override
;
1,13,2,0,2
2,1,0,1,13,0
2,6,13,0,0,1
2,7,0,2,13,2
3,0,0x57004A00,0,0
3,1,0x57000200,3,0
3,6,0x57000200,1,0
3,7,0x57004A00,2,0
1,2,13,2,0
2,3,0,0,1,13
2,8,1,13,0,0
2,1,2,0,2,13
3,0,0x57004A00,1,0
3,3,0x57000200,0,0
3,8,0x57000200,2,0
3,1,0x57004A00,3,0
1,0,2,13,2
2,5,13,0,0,1
2,2,0,1,13,0
2,3,13,2,0,2
3,0,0x57004A00,2,0
3,5,0x57000200,1,0
3,2,0x57000200,3,0
3,3,0x57004A00,0,0
1,2,0,2,13
2,7,1,13,0,0
2,4,0,0,1,13
2,5,2,13,2,0
3,0,0x57004A00,3,0
3,7,0x57000200,2,0
3,4,0x57000200,0,0
3,5,0x57004A00,1,0
1,0,2,11,2
2,5,11,3,0,0
2,8,0,0,11,3
2,7,11,2,0,2
3,0,0x57004A00,0,1
3,5,0x57000200,2,0
3,8,0x57000200,0,0
3,7,0x57004A00,2,1
1,2,0,2,11
2,7,0,11,3,0
2,2,3,0,0,11
2,1,2,11,2,0
3,0,0x57004A00,3,1
3,7,0x57000200,3,0
3,2,0x57000200,1,0
3,1,0x57004A00,1,1
1,11,2,0,2
2,1,0,0,11,3
2,4,11,3,0,0
2,3,0,2,11,2
3,0,0x57004A00,2,1
3,1,0x57000200,0,0
3,4,0x57000200,2,0
3,3,0x57004A00,0,1
1,2,11,2,0
2,3,3,0,0,11
2,6,0,11,3,0
2,5,2,0,2,11
3,0,0x57004A00,1,1
3,3,0x57000200,1,0
3,6,0x57000200,3,0
3,5,0x57004A00,3,1
;
;Y - intersection perfect
;
1,3,0,1,11
2,1,0,1,3,0
2,5,1,3,0,0
3,0,0x5760CE00,1,0
3,1,0x57000500,3,0
3,5,0x57000500,3,1
1,11,3,0,1
2,3,0,0,1,3
2,7,0,1,3,0
3,0,0x5760CE00,2,0
3,3,0x57000500,0,0
3,7,0x57000500,2,1
1,1,11,3,0
2,5,3,0,0,1
2,1,0,0,1,3
3,0,0x5760CE00,3,0
3,5,0x57000500,1,0
3,1,0x57000500,1,1
1,0,1,11,3
2,7,1,3,0,0
2,3,3,0,0,1
3,0,0x5760CE00,0,0
3,7,0x57000500,2,0
3,3,0x57000500,0,1
1,3,0,1,13
2,5,1,3,0,0
2,1,0,1,3,0
3,0,0x5760CE00,1,1
3,5,0x57000500,3,1
3,1,0x57000500,3,0
1,13,3,0,1
2,7,0,1,3,0
2,3,0,0,1,3
3,0,0x5760CE00,0,1
3,7,0x57000500,2,1
3,3,0x57000500,0,0
1,1,13,3,0
2,1,0,0,1,3
2,5,3,0,0,1
3,0,0x5760CE00,3,1
3,1,0x57000500,1,1
3,5,0x57000500,1,0
1,0,1,13,3
2,3,3,0,0,1
2,7,1,3,0,0
3,0,0x5760CE00,2,1
3,3,0x57000500,0,1
3,7,0x57000500,2,0
;
;Y - intersection shifted
;
1,0,1,1,11
2,3,3,0,0,1
2,5,1,3,0,0
3,0,0x5E006c00,2,1
3,3,0x57000500,0,1
3,5,0x57000500,3,1
1,11,0,1,1
2,5,1,3,0,0
2,7,0,1,3,0
3,0,0x5E006c00,1,1
3,5,0x57000500,3,1
3,7,0x57000500,2,1
1,1,11,0,1
2,7,0,1,3,0
2,1,0,0,1,3
3,0,0x5E006c00,0,1
3,7,0x57000500,2,1
3,1,0x57000500,1,1
1,1,1,11,0
2,1,0,0,1,3
2,3,3,0,0,1
3,0,0x5E006c00,3,1
3,1,0x57000500,1,1
3,3,0x57000500,0,1
1,3,3,0,13
2,3,0,0,1,3
2,1,0,1,3,0
3,0,0x5E006c00,2,0
3,3,0x57000500,0,0
3,1,0x57000500,3,0
1,13,3,3,0
2,5,3,0,0,1
2,3,0,0,1,3
3,0,0x5E006c00,3,0
3,5,0x57000500,1,0
3,3,0x57000500,0,0
1,0,13,3,3
2,7,1,3,0,0
2,5,3,0,0,1
3,0,0x5E006c00,0,0
3,7,0x57000500,2,0
3,5,0x57000500,1,0
1,3,0,13,3
2,1,0,1,3,0
2,7,1,3,0,0
3,0,0x5E006c00,1,0
3,1,0x57000500,3,0
3,7,0x57000500,2,0
;
;Y - intersection perfect straight bottom
;
1,3,0,1,2
2,1,0,1,3,0
2,5,1,3,0,0
3,0,0x5760CE00,1,0
3,1,0x57000500,3,0
3,5,0x57000500,3,1
1,2,3,0,1
2,3,0,0,1,3
2,7,0,1,3,0
3,0,0x5760CE00,2,0
3,3,0x57000500,0,0
3,7,0x57000500,2,1
1,1,2,3,0
2,5,3,0,0,1
2,1,0,0,1,3
3,0,0x5760CE00,3,0
3,5,0x57000500,1,0
3,1,0x57000500,1,1
1,0,1,2,3
2,7,1,3,0,0
2,3,3,0,0,1
3,0,0x5760CE00,0,0
3,7,0x57000500,2,0
3,3,0x57000500,0,1
;
;Y - intersection straight bottom (one blend)
;
1,3,0,11,2
2,1,0,1,3,0
2,5,11,3,0,0
3,0,0x5760CE00,1,0
3,1,0x57000500,3,0
3,5,0x57000500,3,1
1,2,3,0,11
2,3,0,0,1,3
2,7,0,11,3,0
3,0,0x5760CE00,2,0
3,3,0x57000500,0,0
3,7,0x57000500,2,1
1,11,2,3,0
2,5,3,0,0,1
2,1,0,0,11,3
3,0,0x5760CE00,3,0
3,5,0x57000500,1,0
3,1,0x57000500,1,1
1,0,11,2,3
2,7,1,3,0,0
2,3,3,0,0,11
3,0,0x5760CE00,0,0
3,7,0x57000500,2,0
3,3,0x57000500,0,1
1,13,0,1,2
2,5,1,3,0,0
2,1,0,1,13,0
3,0,0x5760CE00,1,1
3,5,0x57000500,3,1
3,1,0x57000500,3,0
1,2,13,0,1
2,7,0,1,3,0
2,3,0,0,1,13
3,0,0x5760CE00,0,1
3,7,0x57000500,2,1
3,3,0x57000500,0,0
1,1,2,13,0
2,1,0,0,1,3
2,5,13,0,0,1
3,0,0x5760CE00,3,1
3,1,0x57000500,1,1
3,5,0x57000500,1,0
1,0,1,2,13
2,3,3,0,0,1
2,7,1,13,0,0
3,0,0x5760CE00,2,1
3,3,0x57000500,0,1
3,7,0x57000500,2,0
;
;Y - intersection straight bottom (double blend) [replaced by piece 7 rules]
;
;1,13,0,11,2
;2,1,0,1,13,0
;2,5,11,3,0,0
;3,0,0x5760CE00,1,0
;3,1,0x57000500,3,0
;3,5,0x57000500,3,1
;1,2,13,0,11
;2,3,0,0,1,13
;2,7,0,11,3,0
;3,0,0x5760CE00,2,0
;3,3,0x57000500,0,0
;3,7,0x57000500,2,1
;1,11,2,13,0
;2,5,13,0,0,1
;2,1,0,0,11,3
;3,0,0x5760CE00,3,0
;3,5,0x57000500,1,0
;3,1,0x57000500,1,1
;1,0,11,2,13
;2,7,1,13,0,0
;2,3,3,0,0,11
;3,0,0x5760CE00,0,0
;3,7,0x57000500,2,0
;3,3,0x57000500,0,1
;
;Y - intersection shifted straight bottom
;
1,0,1,1,2
2,3,3,0,0,1
2,5,1,3,0,0
3,0,0x5E006c00,2,1
3,3,0x57000500,0,1
3,5,0x57000500,3,1
1,2,0,1,1
2,5,1,3,0,0
2,7,0,1,3,0
3,0,0x5E006c00,1,1
3,5,0x57000500,3,1
3,7,0x57000500,2,1
1,1,2,0,1
2,7,0,1,3,0
2,1,0,0,1,3
3,0,0x5E006c00,0,1
3,7,0x57000500,2,1
3,1,0x57000500,1,1
1,1,1,2,0
2,1,0,0,1,3
2,3,3,0,0,1
3,0,0x5E006c00,3,1
3,1,0x57000500,1,1
3,3,0x57000500,0,1
1,3,3,0,2
2,3,0,0,1,3
2,1,0,1,3,0
3,0,0x5E006c00,2,0
3,3,0x57000500,0,0
3,1,0x57000500,3,0
1,2,3,3,0
2,5,3,0,0,1
2,3,0,0,1,3
3,0,0x5E006c00,3,0
3,5,0x57000500,1,0
3,3,0x57000500,0,0
1,0,2,3,3
2,7,1,3,0,0
2,5,3,0,0,1
3,0,0x5E006c00,0,0
3,7,0x57000500,2,0
3,5,0x57000500,1,0
1,3,0,2,3
2,1,0,1,3,0
2,7,1,3,0,0
3,0,0x5E006c00,1,0
3,1,0x57000500,3,0
3,7,0x57000500,2,0
;
;Y - intersection shifted straight bottom (single blend top)
;
1,0,1,1,2
2,3,3,0,0,1
2,5,1,13,0,0
3,0,0x5E006c00,2,1
3,3,0x57000500,0,1
3,5,0x5E001e00,2,0
1,2,0,1,1
2,5,1,3,0,0
2,7,0,1,13,0
3,0,0x5E006c00,1,1
3,5,0x57000500,3,1
3,7,0x5E001e00,3,0
1,1,2,0,1
2,7,0,1,3,0
2,1,0,0,1,13
3,0,0x5E006c00,0,1
3,7,0x57000500,2,1
3,1,0x5E001e00,0,0
1,1,1,2,0
2,1,0,0,1,3
2,3,13,0,0,1
3,0,0x5E006c00,3,1
3,1,0x57000500,1,1
3,3,0x5E001e00,1,0
1,3,3,0,2
2,3,0,0,1,3
2,1,0,11,3,0
3,0,0x5E006c00,2,0
3,3,0x57000500,0,0
3,1,0x5E001e00,2,1
1,2,3,3,0
2,5,3,0,0,1
2,3,0,0,11,3
3,0,0x5E006c00,3,0
3,5,0x57000500,1,0
3,3,0x5E001e00,1,1
1,0,2,3,3
2,7,1,3,0,0
2,5,3,0,0,11
3,0,0x5E006c00,0,0
3,7,0x57000500,2,0
3,5,0x5E001e00,0,1
1,3,0,2,3
2,1,0,1,3,0
2,7,11,3,0,0
3,0,0x5E006c00,1,0
3,1,0x57000500,3,0
3,7,0x5E001e00,3,1
;
;Y - intersection shifted straight bottom (single blend bottom)
;
1,0,1,1,2
2,3,13,0,0,1
2,5,1,3,0,0
3,0,0x5E006c00,2,1
3,3,0x5E001e00,1,0
3,5,0x57000500,3,1
1,2,0,1,1
2,5,1,13,0,0
2,7,0,1,3,0
3,0,0x5E006c00,1,1
3,5,0x5E001e00,2,0
3,7,0x57000500,2,1
1,1,2,0,1
2,7,0,1,13,0
2,1,0,0,1,3
3,0,0x5E006c00,0,1
3,7,0x5E001e00,3,0
3,1,0x57000500,1,1
1,1,1,2,0
2,1,0,0,1,13
2,3,3,0,0,1
3,0,0x5E006c00,3,1
3,1,0x5E001e00,0,0
3,3,0x57000500,0,1
1,3,3,0,2
2,3,0,0,11,3
2,1,0,1,3,0
3,0,0x5E006c00,2,0
3,3,0x5E001e00,1,1
3,1,0x57000500,3,0
1,2,3,3,0
2,5,3,0,0,11
2,3,0,0,1,3
3,0,0x5E006c00,3,0
3,5,0x5E001e00,0,1
3,3,0x57000500,0,0
1,0,2,3,3
2,7,11,3,0,0
2,5,3,0,0,1
3,0,0x5E006c00,0,0
3,7,0x5E001e00,3,1
3,5,0x57000500,1,0
1,3,0,2,3
2,1,0,11,3,0
2,7,1,3,0,0
3,0,0x5E006c00,1,0
3,1,0x5E001e00,2,1
3,7,0x57000500,2,0
;
;Y - intersection shifted straight bottom (double blend)
;
1,0,1,1,2
2,3,13,0,0,1
2,5,1,13,0,0
3,0,0x5E006c00,2,1
3,3,0x5E001e00,1,0
3,5,0x5E001e00,2,0
1,2,0,1,1
2,5,1,13,0,0
2,7,0,1,13,0
3,0,0x5E006c00,1,1
3,5,0x5E001e00,2,0
3,7,0x5E001e00,3,0
1,1,2,0,1
2,7,0,1,13,0
2,1,0,0,1,13
3,0,0x5E006c00,0,1
3,7,0x5E001e00,3,0
3,1,0x5E001e00,0,0
1,1,1,2,0
2,1,0,0,1,13
2,3,13,0,0,1
3,0,0x5E006c00,3,1
3,1,0x5E001e00,0,0
3,3,0x5E001e00,1,0
1,3,3,0,2
2,3,0,0,11,3
2,1,0,11,3,0
3,0,0x5E006c00,2,0
3,3,0x5E001e00,1,1
3,1,0x5E001e00,2,1
1,2,3,3,0
2,5,3,0,0,11
2,3,0,0,11,3
3,0,0x5E006c00,3,0
3,5,0x5E001e00,0,1
3,3,0x5E001e00,1,1
1,0,2,3,3
2,7,11,3,0,0
2,5,3,0,0,11
3,0,0x5E006c00,0,0
3,7,0x5E001e00,3,1
3,5,0x5E001e00,0,1
1,3,0,2,3
2,1,0,11,3,0
2,7,11,3,0,0
3,0,0x5E006c00,1,0
3,1,0x5E001e00,2,1
3,7,0x5E001e00,3,1
;
;Y - intersection shifted leaning straight bottom
;
1,3,1,0,2
2,1,0,1,3,0
2,3,3,0,0,1
3,0,0x5E006b00,2,0
3,1,0x57000500,3,0
3,3,0x57000500,0,1
1,2,3,1,0
2,3,0,0,1,3
2,5,1,3,0,0
3,0,0x5E006b00,3,0
3,3,0x57000500,0,0
3,5,0x57000500,3,1
1,0,2,3,1
2,5,3,0,0,1
2,7,0,1,3,0
3,0,0x5E006b00,0,0
3,5,0x57000500,1,0
3,7,0x57000500,2,1
1,1,0,2,3
2,7,1,3,0,0
2,1,0,0,1,3
3,0,0x5E006b00,1,0
3,7,0x57000500,2,0
3,1,0x57000500,1,1
1,0,3,1,2
2,5,1,3,0,0
2,3,0,0,1,3
3,0,0x5E006b00,2,1
3,5,0x57000500,3,1
3,3,0x57000500,0,0
1,2,0,3,1
2,7,0,1,3,0
2,5,3,0,0,1
3,0,0x5E006b00,1,1
3,7,0x57000500,2,1
3,5,0x57000500,1,0
1,1,2,0,3
2,1,0,0,1,3
2,7,1,3,0,0
3,0,0x5E006b00,0,1
3,1,0x57000500,1,1
3,7,0x57000500,2,0
1,3,1,2,0
2,3,3,0,0,1
2,1,0,1,3,0
3,0,0x5E006b00,3,1
3,3,0x57000500,0,1
3,1,0x57000500,3,0
;
;Y - intersection shifted leaning straight bottom (single blend top)
;
1,3,11,0,2
2,1,0,1,3,0
2,3,3,0,0,11
3,0,0x5E006b00,2,0
3,1,0x57000500,3,0
3,3,0x57000500,0,1
1,2,3,11,0
2,3,0,0,1,3
2,5,11,3,0,0
3,0,0x5E006b00,3,0
3,3,0x57000500,0,0
3,5,0x57000500,3,1
1,0,2,3,11
2,5,3,0,0,1
2,7,0,11,3,0
3,0,0x5E006b00,0,0
3,5,0x57000500,1,0
3,7,0x57000500,2,1
1,11,0,2,3
2,7,1,3,0,0
2,1,0,0,11,3
3,0,0x5E006b00,1,0
3,7,0x57000500,2,0
3,1,0x57000500,1,1
1,0,13,1,2
2,5,1,3,0,0
2,3,0,0,1,13
3,0,0x5E006b00,2,1
3,5,0x57000500,3,1
3,3,0x57000500,0,0
1,2,0,13,1
2,7,0,1,3,0
2,5,13,0,0,1
3,0,0x5E006b00,1,1
3,7,0x57000500,2,1
3,5,0x57000500,1,0
1,1,2,0,13
2,1,0,0,1,3
2,7,1,13,0,0
3,0,0x5E006b00,0,1
3,1,0x57000500,1,1
3,7,0x57000500,2,0
1,13,1,2,0
2,3,3,0,0,1
2,1,0,1,13,0
3,0,0x5E006b00,3,1
3,3,0x57000500,0,1
3,1,0x57000500,3,0
;
;Y - intersection shifted leaning straight bottom (single blend top (bw))
;
1,3,1,0,2
2,1,0,1,3,0
2,3,13,0,0,1
3,0,0x5E006b00,2,0
3,1,0x57000500,3,0
3,3,0x5E001e00,1,0
1,2,3,1,0
2,3,0,0,1,3
2,5,1,13,0,0
3,0,0x5E006b00,3,0
3,3,0x57000500,0,0
3,5,0x5E001e00,2,0
1,0,2,3,1
2,5,3,0,0,1
2,7,0,1,13,0
3,0,0x5E006b00,0,0
3,5,0x57000500,1,0
3,7,0x5E001e00,3,0
1,1,0,2,3
2,7,1,3,0,0
2,1,0,0,1,13
3,0,0x5E006b00,1,0
3,7,0x57000500,2,0
3,1,0x5E001e00,0,0
1,0,3,1,2
2,5,1,3,0,0
2,3,0,0,11,3
3,0,0x5E006b00,2,1
3,5,0x57000500,3,1
3,3,0x5E001e00,1,1
1,2,0,3,1
2,7,0,1,3,0
2,5,3,0,0,11
3,0,0x5E006b00,1,1
3,7,0x57000500,2,1
3,5,0x5E001e00,0,1
1,1,2,0,3
2,1,0,0,1,3
2,7,11,3,0,0
3,0,0x5E006b00,0,1
3,1,0x57000500,1,1
3,7,0x5E001e00,3,1
1,3,1,2,0
2,3,3,0,0,1
2,1,0,11,3,0
3,0,0x5E006b00,3,1
3,3,0x57000500,0,1
3,1,0x5E001e00,2,1
;
;Y - intersection shifted leaning straight bottom (single blend side)
;
1,13,1,0,2
2,1,0,1,13,0
2,3,3,0,0,1
3,0,0x5E006b00,2,0
3,1,0x57000500,3,0
3,3,0x57000500,0,1
1,2,13,1,0
2,3,0,0,1,13
2,5,1,3,0,0
3,0,0x5E006b00,3,0
3,3,0x57000500,0,0
3,5,0x57000500,3,1
1,0,2,13,1
2,5,13,0,0,1
2,7,0,1,3,0
3,0,0x5E006b00,0,0
3,5,0x57000500,1,0
3,7,0x57000500,2,1
1,1,0,2,13
2,7,1,13,0,0
2,1,0,0,1,3
3,0,0x5E006b00,1,0
3,7,0x57000500,2,0
3,1,0x57000500,1,1
1,0,3,11,2
2,5,11,3,0,0
2,3,0,0,1,3
3,0,0x5E006b00,2,1
3,5,0x57000500,3,1
3,3,0x57000500,0,0
1,2,0,3,11
2,7,0,11,3,0
2,5,3,0,0,1
3,0,0x5E006b00,1,1
3,7,0x57000500,2,1
3,5,0x57000500,1,0
1,11,2,0,3
2,1,0,0,11,3
2,7,1,3,0,0
3,0,0x5E006b00,0,1
3,1,0x57000500,1,1
3,7,0x57000500,2,0
1,3,11,2,0
2,3,3,0,0,11
2,1,0,1,3,0
3,0,0x5E006b00,3,1
3,3,0x57000500,0,1
3,1,0x57000500,3,0
;
;Y - intersection shifted leaning straight bottom (single blend side (bw))
;
1,3,1,0,2
2,1,0,11,3,0
2,3,3,0,0,1
3,0,0x5E006b00,2,0
3,1,0x5E001e00,3,0
3,3,0x57000500,0,1
1,2,3,1,0
2,3,0,0,11,3
2,5,1,3,0,0
3,0,0x5E006b00,3,0
3,3,0x5E001e00,0,0
3,5,0x57000500,3,1
1,0,2,3,1
2,5,3,0,0,11
2,7,0,1,3,0
3,0,0x5E006b00,0,0
3,5,0x5E001e00,1,0
3,7,0x57000500,2,1
1,1,0,2,3
2,7,11,3,0,0
2,1,0,0,1,3
3,0,0x5E006b00,1,0
3,7,0x5E001e00,2,0
3,1,0x57000500,1,1
1,0,3,1,2
2,5,1,13,0,0
2,3,0,0,1,3
3,0,0x5E006b00,2,1
3,5,0x5E001e00,3,1
3,3,0x57000500,0,0
1,2,0,3,1
2,7,0,1,13,0
2,5,3,0,0,1
3,0,0x5E006b00,1,1
3,7,0x5E001e00,2,1
3,5,0x57000500,1,0
1,1,2,0,3
2,1,0,0,1,13
2,7,1,3,0,0
3,0,0x5E006b00,0,1
3,1,0x5E001e00,1,1
3,7,0x57000500,2,0
1,3,1,2,0
2,3,13,0,0,1
2,1,0,1,3,0
3,0,0x5E006b00,3,1
3,3,0x5E001e00,0,1
3,1,0x57000500,3,0
;
;Y - intersection shifted leaning straight bottom (double blend)
;Commented out due to INRUL Interference
;1,13,11,0,2
;2,1,0,1,13,0
;2,3,3,0,0,11
;3,0,0x5E006b00,2,0
;3,1,0x57000500,3,0
;3,3,0x57000500,0,1
;1,2,13,11,0
;2,3,0,0,1,13
;2,5,11,3,0,0
;3,0,0x5E006b00,3,0
;3,3,0x57000500,0,0
;3,5,0x57000500,3,1
;1,0,2,13,11
;2,5,13,0,0,1
;2,7,0,11,3,0
;3,0,0x5E006b00,0,0
;3,5,0x57000500,1,0
;3,7,0x57000500,2,1
;1,11,0,2,13
;2,7,1,13,0,0
;2,1,0,0,11,3
;3,0,0x5E006b00,1,0
;3,7,0x57000500,2,0
;3,1,0x57000500,1,1
;1,0,13,11,2
;2,5,11,3,0,0
;2,3,0,0,1,13
;3,0,0x5E006b00,2,1
;3,5,0x57000500,3,1
;3,3,0x57000500,0,0
;1,2,0,13,11
;2,7,0,11,3,0
;2,5,13,0,0,1
;3,0,0x5E006b00,1,1
;3,7,0x57000500,2,1
;3,5,0x57000500,1,0
;1,11,2,0,13
;2,1,0,0,11,3
;2,7,1,13,0,0
;3,0,0x5E006b00,0,1
;3,1,0x57000500,1,1
;3,7,0x57000500,2,0
;1,13,11,2,0
;2,3,3,0,0,11
;2,1,0,1,13,0
;3,0,0x5E006b00,3,1
;3,3,0x57000500,0,1
;3,1,0x57000500,3,0
;
;Y - intersection shifted leaning straight bottom (double blend (bw))
;Commented out due to INRUL Interference
;1,3,1,0,2
;2,1,0,11,3,0
;2,3,13,0,0,1
;3,0,0x5E006b00,2,0
;3,1,0x5E001e00,3,0
;3,3,0x5E001e00,1,0
;1,2,3,1,0
;2,3,0,0,11,3
;2,5,1,13,0,0
;3,0,0x5E006b00,3,0
;3,3,0x5E001e00,0,0
;3,5,0x5E001e00,2,0
;1,0,2,3,1
;2,5,3,0,0,11
;2,7,0,1,13,0
;3,0,0x5E006b00,0,0
;3,5,0x5E001e00,1,0
;3,7,0x5E001e00,3,0
;1,1,0,2,3
;2,7,11,3,0,0
;2,1,0,0,1,13
;3,0,0x5E006b00,1,0
;3,7,0x5E001e00,2,0
;3,1,0x5E001e00,0,0
;1,0,3,1,2
;2,5,1,13,0,0
;2,3,0,0,11,3
;3,0,0x5E006b00,2,1
;3,5,0x5E001e00,3,1
;3,3,0x5E001e00,1,1
;1,2,0,3,1
;2,7,0,1,13,0
;2,5,3,0,0,11
;3,0,0x5E006b00,1,1
;3,7,0x5E001e00,2,1
;3,5,0x5E001e00,0,1
;1,1,2,0,3
;2,1,0,0,1,13
;2,7,11,3,0,0
;3,0,0x5E006b00,0,1
;3,1,0x5E001e00,1,1
;3,7,0x5E001e00,3,1
;1,3,1,2,0
;2,3,13,0,0,1
;2,1,0,11,3,0
;3,0,0x5E006b00,3,1
;3,3,0x5E001e00,0,1
;3,1,0x5E001e00,2,1
;
;Y - intersection twisted straight bottom (no blend)
;
1,1,0,1,2
2,1,0,0,1,3
2,5,1,3,0,0
3,0,0x5E00a100,1,0
3,1,0x57000500,1,1
3,5,0x57000500,3,1
1,2,1,0,1
2,3,3,0,0,1
2,7,0,1,3,0
3,0,0x5E00a100,2,0
3,3,0x57000500,0,1
3,7,0x57000500,2,1
1,1,2,1,0
2,5,1,3,0,0
2,1,0,0,1,3
3,0,0x5E00a100,3,0
3,5,0x57000500,3,1
3,1,0x57000500,1,1
1,0,1,2,1
2,7,0,1,3,0
2,3,3,0,0,1
3,0,0x5E00a100,0,0
3,7,0x57000500,2,1
3,3,0x57000500,0,1
1,3,0,3,2
2,5,3,0,0,1
2,1,0,1,3,0
3,0,0x5E00a100,1,1
3,5,0x57000500,1,0
3,1,0x57000500,3,0
1,2,3,0,3
2,7,1,3,0,0
2,3,0,0,1,3
3,0,0x5E00a100,0,1
3,7,0x57000500,2,0
3,3,0x57000500,0,0
1,3,2,3,0
2,1,0,1,3,0
2,5,3,0,0,1
3,0,0x5E00a100,3,1
3,1,0x57000500,3,0
3,5,0x57000500,1,0
1,0,3,2,3
2,3,0,0,1,3
2,7,1,3,0,0
3,0,0x5E00a100,2,1
3,3,0x57000500,0,0
3,7,0x57000500,2,0
;
;Y - intersection twisted straight bottom (single blend - left)
;
1,11,0,1,2
2,1,0,0,11,3
2,5,1,3,0,0
3,0,0x5E00a100,1,0
3,1,0x57000500,1,1
3,5,0x57000500,3,1
1,2,11,0,1
2,3,3,0,0,11
2,7,0,1,3,0
3,0,0x5E00a100,2,0
3,3,0x57000500,0,1
3,7,0x57000500,2,1
1,1,2,11,0
2,5,11,3,0,0
2,1,0,0,1,3
3,0,0x5E00a100,3,0
3,5,0x57000500,3,1
3,1,0x57000500,1,1
1,0,1,2,11
2,7,0,11,3,0
2,3,3,0,0,1
3,0,0x5E00a100,0,0
3,7,0x57000500,2,1
3,3,0x57000500,0,1
1,3,0,13,2
2,5,13,0,0,1
2,1,0,1,3,0
3,0,0x5E00a100,1,1
3,5,0x57000500,1,0
3,1,0x57000500,3,0
1,2,3,0,13
2,7,1,13,0,0
2,3,0,0,1,3
3,0,0x5E00a100,0,1
3,7,0x57000500,2,0
3,3,0x57000500,0,0
1,13,2,3,0
2,1,0,1,13,0
2,5,3,0,0,1
3,0,0x5E00a100,3,1
3,1,0x57000500,3,0
3,5,0x57000500,1,0
1,0,13,2,3
2,3,0,0,1,13
2,7,1,3,0,0
3,0,0x5E00a100,2,1
3,3,0x57000500,0,0
3,7,0x57000500,2,0
;
;Y - intersection twisted straight bottom (single blend - left (bw))
;
1,1,0,1,2
2,1,0,0,1,13
2,5,1,3,0,0
3,0,0x5E00a100,1,0
3,1,0x5E001e00,0,0
3,5,0x57000500,3,1
1,2,1,0,1
2,3,13,0,0,1
2,7,0,1,3,0
3,0,0x5E00a100,2,0
3,3,0x5E001e00,1,0
3,7,0x57000500,2,1
1,1,2,1,0
2,5,1,13,0,0
2,1,0,0,1,3
3,0,0x5E00a100,3,0
3,5,0x5E001e00,2,0
3,1,0x57000500,1,1
1,0,1,2,1
2,7,0,1,13,0
2,3,3,0,0,1
3,0,0x5E00a100,0,0
3,7,0x5E001e00,3,0
3,3,0x57000500,0,1
1,3,0,3,2
2,5,3,0,0,11
2,1,0,1,3,0
3,0,0x5E00a100,1,1
3,5,0x5E001e00,0,1
3,1,0x57000500,3,0
1,2,3,0,3
2,7,11,3,0,0
2,3,0,0,1,3
3,0,0x5E00a100,0,1
3,7,0x5E001e00,3,1
3,3,0x57000500,0,0
1,3,2,3,0
2,1,0,11,3,0
2,5,3,0,0,1
3,0,0x5E00a100,3,1
3,1,0x5E001e00,2,1
3,5,0x57000500,1,0
1,0,3,2,3
2,3,0,0,11,3
2,7,1,3,0,0
3,0,0x5E00a100,2,1
3,3,0x5E001e00,1,1
3,7,0x57000500,2,0
;
;Y - intersection twisted straight bottom (single blend - right)
;
1,1,0,11,2
2,1,0,0,1,3
2,5,11,3,0,0
3,0,0x5E00a100,1,0
3,1,0x57000500,1,1
3,5,0x57000500,3,1
1,2,1,0,11
2,3,3,0,0,1
2,7,0,11,3,0
3,0,0x5E00a100,2,0
3,3,0x57000500,0,1
3,7,0x57000500,2,1
1,11,2,1,0
2,5,1,3,0,0
2,1,0,0,11,3
3,0,0x5E00a100,3,0
3,5,0x57000500,3,1
3,1,0x57000500,1,1
1,0,11,2,1
2,7,0,1,3,0
2,3,3,0,0,11
3,0,0x5E00a100,0,0
3,7,0x57000500,2,1
3,3,0x57000500,0,1
1,13,0,3,2
2,5,3,0,0,1
2,1,0,1,13,0
3,0,0x5E00a100,1,1
3,5,0x57000500,1,0
3,1,0x57000500,3,0
1,2,13,0,3
2,7,1,3,0,0
2,3,0,0,1,13
3,0,0x5E00a100,0,1
3,7,0x57000500,2,0
3,3,0x57000500,0,0
1,3,2,13,0
2,1,0,1,3,0
2,5,13,0,0,1
3,0,0x5E00a100,3,1
3,1,0x57000500,3,0
3,5,0x57000500,1,0
1,0,3,2,13
2,3,0,0,1,3
2,7,1,13,0,0
3,0,0x5E00a100,2,1
3,3,0x57000500,0,0
3,7,0x57000500,2,0
;
;Y - intersection twisted straight bottom (single blend - right (bw))
;
1,1,0,1,2
2,1,0,0,1,3
2,5,1,13,0,0
3,0,0x5E00a100,1,0
3,1,0x57000500,1,1
3,5,0x5E001e00,2,0
1,2,1,0,1
2,3,3,0,0,1
2,7,0,1,13,0
3,0,0x5E00a100,2,0
3,3,0x57000500,0,1
3,7,0x5E001e00,3,0
1,1,2,1,0
2,5,1,3,0,0
2,1,0,0,1,13
3,0,0x5E00a100,3,0
3,5,0x57000500,3,1
3,1,0x5E001e00,0,0
1,0,1,2,1
2,7,0,1,3,0
2,3,13,0,0,1
3,0,0x5E00a100,0,0
3,7,0x57000500,2,1
3,3,0x5E001e00,1,0
1,3,0,3,2
2,5,3,0,0,1
2,1,0,11,3,0
3,0,0x5E00a100,1,1
3,5,0x57000500,1,0
3,1,0x5E001e00,2,1
1,2,3,0,3
2,7,1,3,0,0
2,3,0,0,11,3
3,0,0x5E00a100,0,1
3,7,0x57000500,2,0
3,3,0x5E001e00,1,1
1,3,2,3,0
2,1,0,1,3,0
2,5,3,0,0,11
3,0,0x5E00a100,3,1
3,1,0x57000500,3,0
3,5,0x5E001e00,0,1
1,0,3,2,3
2,3,0,0,1,3
2,7,11,3,0,0
3,0,0x5E00a100,2,1
3,3,0x57000500,0,0
3,7,0x5E001e00,3,1
;
;Y - intersection twisted straight bottom (no blend (bw))
;
1,1,0,1,2
2,1,0,0,1,13
2,5,1,13,0,0
3,0,0x5E00a100,1,0
3,1,0x5E001e00,0,0
3,5,0x5E001e00,2,0
1,2,1,0,1
2,3,13,0,0,1
2,7,0,1,13,0
3,0,0x5E00a100,2,0
3,3,0x5E001e00,1,0
3,7,0x5E001e00,3,0
1,1,2,1,0
2,5,1,13,0,0
2,1,0,0,1,13
3,0,0x5E00a100,3,0
3,5,0x5E001e00,2,0
3,1,0x5E001e00,0,0
1,0,1,2,1
2,7,0,1,13,0
2,3,13,0,0,1
3,0,0x5E00a100,0,0
3,7,0x5E001e00,3,0
3,3,0x5E001e00,1,0
1,3,0,3,2
2,5,3,0,0,11
2,1,0,11,3,0
3,0,0x5E00a100,1,1
3,5,0x5E001e00,0,1
3,1,0x5E001e00,2,1
1,2,3,0,3
2,7,11,3,0,0
2,3,0,0,11,3
3,0,0x5E00a100,0,1
3,7,0x5E001e00,3,1
3,3,0x5E001e00,1,1
1,3,2,3,0
2,1,0,11,3,0
2,5,3,0,0,11
3,0,0x5E00a100,3,1
3,1,0x5E001e00,2,1
3,5,0x5E001e00,0,1
1,0,3,2,3
2,3,0,0,11,3
2,7,11,3,0,0
3,0,0x5E00a100,2,1
3,3,0x5E001e00,1,1
3,7,0x5E001e00,3,1
;
;Y - intersection flipped straight bottom (no blend)
;
1,1,0,3,2
2,1,0,0,1,3
2,5,3,0,0,1
3,0,0x5E00c500,1,0
3,1,0x57000500,1,1
3,5,0x57000500,0,1
1,2,1,0,3
2,3,3,0,0,1
2,7,1,3,0,0
3,0,0x5E00c500,2,0
3,3,0x57000500,0,1
3,7,0x57000500,3,1
1,3,2,1,0
2,5,1,3,0,0
2,1,0,1,3,0
3,0,0x5E00c500,3,0
3,5,0x57000500,3,1
3,1,0x57000500,2,1
1,0,3,2,1
2,7,0,1,3,0
2,3,0,0,1,3
3,0,0x5E00c500,0,0
3,7,0x57000500,2,1
3,3,0x57000500,1,1
;
;Y - intersection flipped straight bottom (single blend)
;
1,11,0,3,2
2,1,0,0,11,3
2,5,3,0,0,1
3,0,0x5E00c500,1,0
3,1,0x57000500,1,1
3,5,0x57000500,0,1
1,2,11,0,3
2,3,3,0,0,11
2,7,1,3,0,0
3,0,0x5E00c500,2,0
3,3,0x57000500,0,1
3,7,0x57000500,3,1
1,3,2,11,0
2,5,11,3,0,0
2,1,0,1,3,0
3,0,0x5E00c500,3,0
3,5,0x57000500,3,1
3,1,0x57000500,2,1
1,0,3,2,11
2,7,0,11,3,0
2,3,0,0,1,3
3,0,0x5E00c500,0,0
3,7,0x57000500,2,1
3,3,0x57000500,1,1
1,1,0,13,2
2,5,13,0,0,1
2,1,0,0,1,3
3,0,0x5E00c500,1,1
3,5,0x57000500,1,0
3,1,0x57000500,0,0
1,2,1,0,13
2,7,1,13,0,0
2,3,3,0,0,1
3,0,0x5E00c500,0,1
3,7,0x57000500,2,0
3,3,0x57000500,1,0
1,13,2,1,0
2,1,0,1,13,0
2,5,1,3,0,0
3,0,0x5E00c500,3,1
3,1,0x57000500,3,0
3,5,0x57000500,2,0
1,0,13,2,1
2,3,0,0,1,13
2,7,0,1,3,0
3,0,0x5E00c500,2,1
3,3,0x57000500,0,0
3,7,0x57000500,3,0
;
;Piece 66 alternates for blends (single blend top)
;
1,1,13,0,2
2,1,0,0,1,3
2,3,0,0,1,13
3,0,0x5E006600,2,0
3,1,0x57000500,1,1
3,3,0x57000500,0,0
1,2,1,13,0
2,3,3,0,0,1
2,5,13,0,0,1
3,0,0x5E006600,3,0
3,3,0x57000500,0,1
3,5,0x57000500,1,0
1,0,2,1,13
2,5,1,3,0,0
2,7,1,13,0,0
3,0,0x5E006600,0,0
3,5,0x57000500,3,1
3,7,0x57000500,2,0
1,13,0,2,1
2,7,0,1,3,0
2,1,0,1,13,0
3,0,0x5E006600,1,0
3,7,0x57000500,2,1
3,1,0x57000500,3,0
1,0,11,3,2
2,5,3,0,0,1
2,3,3,0,0,11
3,0,0x5E006600,2,1
3,5,0x57000500,1,0
3,3,0x57000500,0,1
1,2,0,11,3
2,7,1,3,0,0
2,5,11,3,0,0
3,0,0x5E006600,1,1
3,7,0x57000500,2,0
3,5,0x57000500,3,1
1,3,2,0,11
2,1,0,1,3,0
2,7,0,11,3,0
3,0,0x5E006600,0,1
3,1,0x57000500,3,0
3,7,0x57000500,2,1
1,11,3,2,0
2,3,0,0,1,3
2,1,0,0,11,3
3,0,0x5E006600,3,1
3,3,0x57000500,0,0
3,1,0x57000500,1,1
;
;Piece 66 alternates for blends (single blend side)
;
1,11,3,0,2
2,1,0,0,11,3
2,3,0,0,1,3
3,0,0x5E006600,2,0
3,1,0x57000500,1,1
3,3,0x57000500,0,0
1,2,11,3,0
2,3,3,0,0,11
2,5,3,0,0,1
3,0,0x5E006600,3,0
3,3,0x57000500,0,1
3,5,0x57000500,1,0
1,0,2,11,3
2,5,11,3,0,0
2,7,1,3,0,0
3,0,0x5E006600,0,0
3,5,0x57000500,3,1
3,7,0x57000500,2,0
1,3,0,2,11
2,7,0,11,3,0
2,1,0,1,3,0
3,0,0x5E006600,1,0
3,7,0x57000500,2,1
3,1,0x57000500,3,0
1,0,1,13,2
2,5,13,0,0,1
2,3,3,0,0,1
3,0,0x5E006600,2,1
3,5,0x57000500,1,0
3,3,0x57000500,0,1
1,2,0,1,13
2,7,1,13,0,0
2,5,1,3,0,0
3,0,0x5E006600,1,1
3,7,0x57000500,2,0
3,5,0x57000500,3,1
1,13,2,0,1
2,1,0,1,13,0
2,7,0,1,3,0
3,0,0x5E006600,0,1
3,1,0x57000500,3,0
3,7,0x57000500,2,1
1,1,13,2,0
2,3,0,0,1,13
2,1,0,0,1,3
3,0,0x5E006600,3,1
3,3,0x57000500,0,0
3,1,0x57000500,1,1
;
;Y - intersection 2 straights, diagonal away
;
1,0,1,2,2
2,3,3,0,0,1
3,0,0x5E005a00,2,1
3,3,0x57000500,0,1
1,2,0,1,2
2,5,1,3,0,0
3,0,0x5E005a00,1,1
3,5,0x57000500,3,1
1,2,2,0,1
2,7,0,1,3,0
3,0,0x5E005a00,0,1
3,7,0x57000500,2,1
1,1,2,2,0
2,1,0,0,1,3
3,0,0x5E005a00,3,1
3,1,0x57000500,1,1
1,2,3,0,2
2,3,0,0,1,3
3,0,0x5E005a00,2,0
3,3,0x57000500,0,0
1,2,2,3,0
2,5,3,0,0,1
3,0,0x5E005a00,3,0
3,5,0x57000500,1,0
1,0,2,2,3
2,7,1,3,0,0
3,0,0x5E005a00,0,0
3,7,0x57000500,2,0
1,3,0,2,2
2,1,0,1,3,0
3,0,0x5E005a00,1,0
3,1,0x57000500,3,0
;
;Y - intersection 2 straights, diagonal away (bw)
;
1,0,1,2,2
2,3,13,0,0,1
3,0,0x5E005a00,2,1
3,3,0x5E001e00,1,0
1,2,0,1,2
2,5,1,13,0,0
3,0,0x5E005a00,1,1
3,5,0x5E001e00,2,0
1,2,2,0,1
2,7,0,1,13,0
3,0,0x5E005a00,0,1
3,7,0x5E001e00,3,0
1,1,2,2,0
2,1,0,0,1,13
3,0,0x5E005a00,3,1
3,1,0x5E001e00,0,0
1,2,3,0,2
2,3,0,0,11,3
3,0,0x5E005a00,2,0
3,3,0x5E001e00,1,1
1,2,2,3,0
2,5,3,0,0,11
3,0,0x5E005a00,3,0
3,5,0x5E001e00,0,1
1,0,2,2,3
2,7,11,3,0,0
3,0,0x5E005a00,0,0
3,7,0x5E001e00,3,1
1,3,0,2,2
2,1,0,11,3,0
3,0,0x5E005a00,1,0
3,1,0x5E001e00,2,1
;
;Y - intersection 2 straights, diagonal toward
;
1,0,3,2,2
2,3,0,0,1,3
3,0,0x5E005900,2,1
3,3,0x57000500,0,0
1,2,0,3,2
2,5,3,0,0,1
3,0,0x5E005900,1,1
3,5,0x57000500,1,0
1,2,2,0,3
2,7,1,3,0,0
3,0,0x5E005900,0,1
3,7,0x57000500,2,0
1,3,2,2,0
2,1,0,1,3,0
3,0,0x5E005900,3,1
3,1,0x57000500,3,0
1,2,1,0,2
2,3,3,0,0,1
3,0,0x5E005900,2,0
3,3,0x57000500,0,1
1,2,2,1,0
2,5,1,3,0,0
3,0,0x5E005900,3,0
3,5,0x57000500,3,1
1,0,2,2,1
2,7,0,1,3,0
3,0,0x5E005900,0,0
3,7,0x57000500,2,1
1,1,0,2,2
2,1,0,0,1,3
3,0,0x5E005900,1,0
3,1,0x57000500,1,1
;
;Y - intersection 2 straights, diagonal toward (bw)
;
1,0,3,2,2
2,3,0,0,11,3
3,0,0x5E005900,2,1
3,3,0x5E001e00,0,0
1,2,0,3,2
2,5,3,0,0,11
3,0,0x5E005900,1,1
3,5,0x5E001e00,1,0
1,2,2,0,3
2,7,11,3,0,0
3,0,0x5E005900,0,1
3,7,0x5E001e00,2,0
1,3,2,2,0
2,1,0,11,3,0
3,0,0x5E005900,3,1
3,1,0x5E001e00,3,0
1,2,1,0,2
2,3,13,0,0,1
3,0,0x5E005900,2,0
3,3,0x5E001e00,0,1
1,2,2,1,0
2,5,1,13,0,0
3,0,0x5E005900,3,0
3,5,0x5E001e00,3,1
1,0,2,2,1
2,7,0,1,13,0
3,0,0x5E005900,0,0
3,7,0x5E001e00,2,1
1,1,0,2,2
2,1,0,0,1,13
3,0,0x5E005900,1,0
3,1,0x5E001e00,1,1
;
;Type 156 intersection change harsh diaganol into transition diaganol (single blend (bw))
;
1,3,1,3,2
2,1,0,11,3,0
3,0,0x5E015600,1,0
3,1,0x5E001e00,3,0
1,2,3,1,3
2,3,0,0,11,3
3,0,0x5E015600,2,0
3,3,0x5E001e00,0,0
1,3,2,3,1
2,5,3,0,0,11
3,0,0x5E015600,3,0
3,5,0x5E001e00,1,0
1,1,3,2,3
2,7,11,3,0,0
3,0,0x5E015600,0,0
3,7,0x5E001e00,2,0
1,1,3,1,2
2,5,1,13,0,0
3,0,0x5E015600,1,1
3,5,0x5E001e00,3,1
1,2,1,3,1
2,7,0,1,13,0
3,0,0x5E015600,0,1
3,7,0x5E001e00,2,1
1,1,2,1,3
2,1,0,0,1,13
3,0,0x5E015600,3,1
3,1,0x5E001e00,1,1
1,3,1,2,1
2,3,13,0,0,1
3,0,0x5E015600,2,1
3,3,0x5E001e00,0,1
;
;Type 156 intersection change harsh diaganol into transition diaganol (no blend)
;
1,3,1,3,2
2,1,0,1,3,0
3,0,0x5E015600,1,0
3,1,0x57000500,3,0
1,2,3,1,3
2,3,0,0,1,3
3,0,0x5E015600,2,0
3,3,0x57000500,0,0
1,3,2,3,1
2,5,3,0,0,1
3,0,0x5E015600,3,0
3,5,0x57000500,1,0
1,1,3,2,3
2,7,1,3,0,0
3,0,0x5E015600,0,0
3,7,0x57000500,2,0
1,1,3,1,2
2,5,1,3,0,0
3,0,0x5E015600,1,1
3,5,0x57000500,3,1
1,2,1,3,1
2,7,0,1,3,0
3,0,0x5E015600,0,1
3,7,0x57000500,2,1
1,1,2,1,3
2,1,0,0,1,3
3,0,0x5E015600,3,1
3,1,0x57000500,1,1
1,3,1,2,1
2,3,3,0,0,1
3,0,0x5E015600,2,1
3,3,0x57000500,0,1
;
;Type 156 intersection change harsh diaganol into transition diaganol (nub)
;
1,3,1,3,2
2,1,0,0,3,0
3,0,0x5E015600,1,0
3,1,0x57000500,1,1
1,2,3,1,3
2,3,0,0,0,3
3,0,0x5E015600,2,0
3,3,0x57000500,0,1
1,3,2,3,1
2,5,3,0,0,0
3,0,0x5E015600,3,0
3,5,0x57000500,3,1
1,1,3,2,3
2,7,0,3,0,0
3,0,0x5E015600,0,0
3,7,0x57000500,2,1
1,1,3,1,2
2,5,1,0,0,0
3,0,0x5E015600,1,1
3,5,0x57000500,1,0
1,2,1,3,1
2,7,0,1,0,0
3,0,0x5E015600,0,1
3,7,0x57000500,2,0
1,1,2,1,3
2,1,0,0,1,0
3,0,0x5E015600,3,1
3,1,0x57000500,3,0
1,3,1,2,1
2,3,0,0,0,1
3,0,0x5E015600,2,1
3,3,0x57000500,0,0
;
;Type 155 intersection change harsh diaganol into transition diaganol (no blend)
;
1,1,1,3,2
2,1,0,0,1,3
3,0,0x5E015500,1,0
3,1,0x57000500,1,1
1,2,1,1,3
2,3,3,0,0,1
3,0,0x5E015500,2,0
3,3,0x57000500,0,1
1,3,2,1,1
2,5,1,3,0,0
3,0,0x5E015500,3,0
3,5,0x57000500,3,1
1,1,3,2,1
2,7,0,1,3,0
3,0,0x5E015500,0,0
3,7,0x57000500,2,1
1,1,3,3,2
2,5,3,0,0,1
3,0,0x5E015500,1,1
3,5,0x57000500,1,0
1,2,1,3,3
2,7,1,3,0,0
3,0,0x5E015500,0,1
3,7,0x57000500,2,0
1,3,2,1,3
2,1,0,1,3,0
3,0,0x5E015500,3,1
3,1,0x57000500,3,0
1,3,3,2,1
2,3,0,0,1,3
3,0,0x5E015500,2,1
3,3,0x57000500,0,0
;
;Type 155 intersection change harsh diaganol into transition diaganol (nub)
;
1,1,1,3,2
2,1,0,0,1,0
3,0,0x5E015500,1,0
3,1,0x57000500,1,0
1,2,1,1,3
2,3,0,0,0,1
3,0,0x5E015500,2,0
3,3,0x57000500,2,0
1,3,2,1,1
2,5,1,0,0,0
3,0,0x5E015500,3,0
3,5,0x57000500,3,0
1,1,3,2,1
2,7,0,1,0,0
3,0,0x5E015500,0,0
3,7,0x57000500,0,0
1,1,3,3,2
2,5,3,0,0,0
3,0,0x5E015500,1,1
3,5,0x57000500,1,1
1,2,1,3,3
2,7,0,3,0,0
3,0,0x5E015500,0,1
3,7,0x57000500,0,1
1,3,2,1,3
2,1,0,0,3,0
3,0,0x5E015500,3,1
3,1,0x57000500,3,1
1,3,3,2,1
2,3,0,0,0,3
3,0,0x5E015500,2,1
3,3,0x57000500,2,1
;
;Type 155 intersection change harsh diaganol into transition diaganol (single blend (bw))
;
1,1,1,3,2
2,1,0,0,1,13
3,0,0x5E015500,1,0
3,1,0x5E001e00,0,0
1,2,1,1,3
2,3,13,0,0,1
3,0,0x5E015500,2,0
3,3,0x5E001e00,1,0
1,3,2,1,1
2,5,1,13,0,0
3,0,0x5E015500,3,0
3,5,0x5E001e00,2,0
1,1,3,2,1
2,7,0,1,13,0
3,0,0x5E015500,0,0
3,7,0x5E001e00,3,0
1,1,3,3,2
2,5,3,0,0,11
3,0,0x5E015500,1,1
3,5,0x5E001e00,0,1
1,2,1,3,3
2,7,11,3,0,0
3,0,0x5E015500,0,1
3,7,0x5E001e00,3,1
1,3,2,1,3
2,1,0,11,3,0
3,0,0x5E015500,3,1
3,1,0x5E001e00,2,1
1,3,3,2,1
2,3,0,0,11,3
3,0,0x5E015500,2,1
3,3,0x5E001e00,1,1
;
;Type 21b intersection change harsh diaganol into transition diaganol (double blend (bw))
;
1,3,1,2,2
2,1,0,11,3,0
2,3,13,0,0,1
3,0,0x5E021b00,2,0
3,1,0x5E001e00,3,0
3,3,0x5E001e00,1,0
1,2,3,1,2
2,3,0,0,11,3
2,5,1,13,0,0
3,0,0x5E021b00,3,0
3,3,0x5E001e00,0,0
3,5,0x5E001e00,2,0
1,2,2,3,1
2,5,3,0,0,11
2,7,0,1,13,0
3,0,0x5E021b00,0,0
3,5,0x5E001e00,1,0
3,7,0x5E001e00,3,0
1,1,2,2,3
2,7,11,3,0,0
2,1,0,0,1,13
3,0,0x5E021b00,1,0
3,7,0x5E001e00,2,0
3,1,0x5E001e00,0,0
;
;Type 21b intersection change harsh diaganol into transition diaganol (single blend (bw))
;
1,3,1,2,2
2,1,0,1,3,0
2,3,13,0,0,1
3,0,0x5E021b00,2,0
3,1,0x57000500,3,0
3,3,0x5E001e00,1,0
1,2,3,1,2
2,3,0,0,1,3
2,5,1,13,0,0
3,0,0x5E021b00,3,0
3,3,0x57000500,0,0
3,5,0x5E001e00,2,0
1,2,2,3,1
2,5,3,0,0,1
2,7,0,1,13,0
3,0,0x5E021b00,0,0
3,5,0x57000500,1,0
3,7,0x5E001e00,3,0
1,1,2,2,3
2,7,1,3,0,0
2,1,0,0,1,13
3,0,0x5E021b00,1,0
3,7,0x57000500,2,0
3,1,0x5E001e00,0,0
1,2,3,1,2
2,5,1,3,0,0
2,3,0,0,11,3
3,0,0x5E021b00,2,1
3,5,0x57000500,3,1
3,3,0x5E001e00,1,1
1,2,2,3,1
2,7,0,1,3,0
2,5,3,0,0,11
3,0,0x5E021b00,1,1
3,7,0x57000500,2,1
3,5,0x5E001e00,0,1
1,1,2,2,3
2,1,0,0,1,3
2,7,11,3,0,0
3,0,0x5E021b00,0,1
3,1,0x57000500,1,1
3,7,0x5E001e00,3,1
1,3,1,2,2
2,3,3,0,0,1
2,1,0,11,3,0
3,0,0x5E021b00,3,1
3,3,0x57000500,0,1
3,1,0x5E001e00,2,1
;
;Type 21b intersection (single blend)
;
1,13,1,2,2
2,1,0,1,13,0
2,3,3,0,0,1
3,0,0x5E021b00,2,0
3,1,0x57000500,3,0
3,3,0x57000500,0,1
1,2,13,1,2
2,3,0,0,1,13
2,5,1,3,0,0
3,0,0x5E021b00,3,0
3,3,0x57000500,0,0
3,5,0x57000500,3,1
1,2,2,13,1
2,5,13,0,0,1
2,7,0,1,3,0
3,0,0x5E021b00,0,0
3,5,0x57000500,1,0
3,7,0x57000500,2,1
1,1,2,2,13
2,7,1,13,0,0
2,1,0,0,1,3
3,0,0x5E021b00,1,0
3,7,0x57000500,2,0
3,1,0x57000500,1,1
1,2,3,11,2
2,5,11,3,0,0
2,3,0,0,1,3
3,0,0x5E021b00,2,1
3,5,0x57000500,3,1
3,3,0x57000500,0,0
1,2,2,3,11
2,7,0,11,3,0
2,5,3,0,0,1
3,0,0x5E021b00,1,1
3,7,0x57000500,2,1
3,5,0x57000500,1,0
1,11,2,2,3
2,1,0,0,11,3
2,7,1,3,0,0
3,0,0x5E021b00,0,1
3,1,0x57000500,1,1
3,7,0x57000500,2,0
1,3,11,2,2
2,3,3,0,0,11
2,1,0,1,3,0
3,0,0x5E021b00,3,1
3,3,0x57000500,0,1
3,1,0x57000500,3,0
;
;Type 21b intersection (no blend)
;
1,3,1,2,2
2,1,0,1,3,0
2,3,3,0,0,1
3,0,0x5E021b00,2,0
3,1,0x57000500,3,0
3,3,0x57000500,0,1
1,2,3,1,2
2,3,0,0,1,3
2,5,1,3,0,0
3,0,0x5E021b00,3,0
3,3,0x57000500,0,0
3,5,0x57000500,3,1
1,2,2,3,1
2,5,3,0,0,1
2,7,0,1,3,0
3,0,0x5E021b00,0,0
3,5,0x57000500,1,0
3,7,0x57000500,2,1
1,1,2,2,3
2,7,1,3,0,0
2,1,0,0,1,3
3,0,0x5E021b00,1,0
3,7,0x57000500,2,0
3,1,0x57000500,1,1
;
;Simple rules that really should be in the spreadsheet
;
;Piece 62 variant (one blend)
;
1,0,13,1,0
3,0,0x5E0001700,2,1
1,0,0,13,1
3,0,0x5E0001700,1,1
1,1,0,0,13
3,0,0x5E0001700,0,1
1,13,1,0,0
3,0,0x5E0001700,3,1
1,3,11,0,0
3,0,0x5E0001700,2,0
1,0,3,11,0
3,0,0x5E0001700,3,0
1,0,0,3,11
3,0,0x5E0001700,0,0
1,11,0,0,3
3,0,0x5E0001700,1,0
;
;piece 17 variant (one blend)
;
1,13,0,0,3
3,0,0x5E0001700,1,0
1,3,13,0,0
3,0,0x5E0001700,2,0
1,0,3,13,0
3,0,0x5E0001700,3,0
1,0,0,3,13
3,0,0x5E0001700,0,0
1,0,0,11,1
3,0,0x5E0001700,1,1
1,1,0,0,11
3,0,0x5E0001700,0,1
1,11,1,0,0
3,0,0x5E0001700,3,1
1,0,11,1,0
3,0,0x5E0001700,2,1
;
;piece 17 variant (two blends - might be missing piece)
;
;
;two diagonal pieces (offshoot of road draw idea)
;
1,0,1,0,1
2,3,3,0,0,1
2,7,0,1,3,0
3,0,0x57000600,0,0
3,3,0x57000500,0,1
3,7,0x57000500,2,1
1,1,0,1,0
2,5,1,3,0,0
2,1,0,0,1,3
3,0,0x57000600,1,0
3,5,0x57000500,3,1
3,1,0x57000500,1,1
1,0,3,0,3
2,3,0,0,1,3
2,7,1,3,0,0
3,0,0x57000600,0,1
3,3,0x57000500,0,0
3,7,0x57000500,2,0
1,3,0,3,0
2,5,3,0,0,1
2,1,0,1,3,0
3,0,0x57000600,3,1
3,5,0x57000500,1,0
3,1,0x57000500,3,0
;
1,0,1,0,3
2,3,3,0,0,1
2,7,1,3,0,0
3,0,0x57000700,0,0
3,3,0x57000500,0,1
3,7,0x57000500,2,0
1,3,0,1,0
2,5,1,3,0,0
2,1,0,1,3,0
3,0,0x57000700,1,0
3,5,0x57000500,3,1
3,1,0x57000500,3,0
1,0,3,0,1
2,7,0,1,3,0
2,3,0,0,1,3
3,0,0x57000700,2,0
3,7,0x57000500,2,1
3,3,0x57000500,0,0
1,1,0,3,0
2,1,0,0,1,3
2,5,3,0,0,1
3,0,0x57000700,3,0
3,1,0x57000500,1,1
3,5,0x57000500,1,0
;;
;;diagonal straight interesection without blend (not needed)
;;
;1,2,0,2,3
;3,0,0x5E006300,1,1
;1,3,2,0,2
;3,0,0x5E006300,0,1
;1,2,3,2,0
;3,0,0x5E006300,3,1
;1,0,2,3,2
;3,0,0x5E006300,2,1
;1,2,0,2,1
;3,0,0x5E006300,1,0
;1,1,2,0,2
;3,0,0x5E006300,2,0
;1,2,1,2,0
;3,0,0x5E006300,3,0
;1,0,2,1,2
;3,0,0x5E006300,0,0
