;-------------------------------
;------ DxO intersections ------
;-------------------------------

;DxO inside intersection (6 orthogonal networks - experimental, does not always work)
1,0,2,2,2
2,4,0,2,2,2
2,5,2,2,0,2
2,7,2,2,0,2
2,8,0,2,2,2
2,15,0,2,?,2
2,16,2,2,0,2
2,22,11,2,0,2
3,0,0x57004a00,0,1
3,4,0x57004a00,0,1
3,5,0x57004a00,2,1
3,16,0x57004a00,2,1
;
1,2,2,2,0
2,2,2,2,2,0
2,3,2,0,2,2
2,5,2,0,2,2
2,6,2,2,2,0
2,11,2,11,2,0
2,12,2,0,2,2
2,18,2,0,2,?
3,0,0x57004a00,1,1
3,3,0x57004a00,3,1
3,5,0x57004a00,3,1
3,6,0x57004a00,1,1
;
1,0,2,2,2
2,4,0,2,2,2
2,5,2,2,0,2
2,7,2,2,0,2
2,8,0,2,2,2
2,15,0,2,11,2
2,16,2,2,0,2
2,22,?,2,0,2
3,0,0x57004a00,0,1
3,5,0x57004a00,2,1
3,7,0x57004a00,2,1
3,8,0x57004a00,0,1
;
1,2,2,2,0
2,2,2,2,2,0
2,3,2,0,2,2
2,5,2,0,2,2
2,6,2,2,2,0
2,11,2,?,2,0
2,12,2,0,2,2
2,18,2,0,2,11
3,0,0x57004a00,1,1
3,2,0x57004a00,1,1
3,3,0x57004a00,3,1
3,12,0x57004a00,3,1
;
1,0,2,2,2
2,2,0,2,2,2
2,3,2,2,0,2
2,5,2,2,0,2
2,6,0,2,2,2
2,12,?,2,0,2
2,18,2,2,0,2
2,19,0,2,13,2
3,0,0x57004a00,2,0
3,2,0x57004a00,2,0
3,3,0x57004a00,0,0
3,5,0x57004a00,0,0
;
1,2,2,2,0
2,1,2,0,2,2
2,3,2,0,2,2
2,4,2,2,2,0
2,8,2,2,2,0
2,14,2,0,2,2
2,15,2,13,2,0
2,24,2,0,2,?
3,0,0x57004a00,1,0
3,1,0x57004a00,3,0
3,3,0x57004a00,3,0
3,8,0x57004a00,1,0
;
1,0,2,2,2
2,2,0,2,2,2
2,3,2,2,0,2
2,5,2,2,0,2
2,6,0,2,2,2
2,12,13,2,0,2
2,18,2,2,0,2
2,19,0,2,?,2
3,0,0x57004a00,2,0
3,5,0x57004a00,0,0
3,6,0x57004a00,2,0
3,18,0x57004a00,0,0
;
1,2,2,2,0
2,1,2,0,2,2
2,3,2,0,2,2
2,4,2,2,2,0
2,8,2,2,2,0
2,14,2,0,2,2
2,15,2,?,2,0
2,24,2,0,2,13
3,0,0x57004a00,1,0
3,3,0x57004a00,3,0
3,4,0x57004a00,1,0
3,14,0x57004a00,3,0

;DxO inside intersection (4-5 orthogonal networks)
1,0,2,2,2
2,4,0,2,?,2
2,5,2,2,0,2
2,7,2,2,0,2
2,8,0,2,2,2
2,22,11,2,0,2
3,0,0x57004a00,0,1
3,5,0x57004a00,2,1
;
1,2,2,2,0
2,2,2,2,2,0
2,3,2,0,2,2
2,5,2,0,2,?
2,11,2,11,2,0
2,12,2,0,2,2
3,0,0x57004a00,1,1
3,3,0x57004a00,3,1
;
1,0,2,2,2
2,4,0,2,2,2
2,5,2,2,0,2
2,7,?,2,0,2
2,15,0,2,11,2
2,16,2,2,0,2
3,0,0x57004a00,0,1
3,5,0x57004a00,2,1
;
1,2,2,2,0
2,2,2,?,2,0
2,3,2,0,2,2
2,5,2,0,2,2
2,6,2,2,2,0
2,18,2,0,2,11
3,0,0x57004a00,1,1
3,3,0x57004a00,3,1
;
1,0,2,2,2
2,3,?,2,0,2
2,5,2,2,0,2
2,6,0,2,2,2
2,18,2,2,0,2
2,19,0,2,13,2
3,0,0x57004a00,2,0
3,5,0x57004a00,0,0
;
1,2,2,2,0
2,1,2,0,2,?
2,3,2,0,2,2
2,4,2,2,2,0
2,14,2,0,2,2
2,15,2,13,2,0
3,0,0x57004a00,1,0
3,3,0x57004a00,3,0
;
1,0,2,2,2
2,2,0,2,2,2
2,3,2,2,0,2
2,5,2,2,0,2
2,6,0,2,?,2
2,12,13,2,0,2
3,0,0x57004a00,2,0
3,5,0x57004a00,0,0
;
1,2,2,2,0
2,1,2,0,2,2
2,3,2,0,2,2
2,4,2,?,2,0
2,8,2,2,2,0
2,24,2,0,2,13
3,0,0x57004a00,1,0
3,3,0x57004a00,3,0

;DxO inside intersection (2-3 orthogonal networks)
1,2,2,0,2
2,1,0,2,2,2
2,3,0,2,?,2
2,8,11,2,0,2
3,0,0x57004a00,2,1
3,1,0x57004a00,0,1
;
1,2,2,2,0
2,2,2,11,2,0
2,3,2,0,2,2
2,5,2,0,2,?
3,0,0x57004a00,1,1
3,3,0x57004a00,3,1
;
1,0,2,2,2
2,4,0,2,11,2
2,5,2,2,0,2
2,7,?,2,0,2
3,0,0x57004a00,0,1
3,5,0x57004a00,2,1
;
1,2,0,2,2
2,1,2,?,2,0
2,6,2,0,2,11
2,7,2,2,2,0
3,0,0x57004a00,3,1
3,7,0x57004a00,1,1
;
1,0,2,2,2
2,3,?,2,0,2
2,5,2,2,0,2
2,6,0,2,13,2
3,0,0x57004a00,2,0
3,5,0x57004a00,0,0
;
1,2,2,2,0
2,1,2,0,2,?
2,3,2,0,2,2
2,4,2,13,2,0
3,0,0x57004a00,1,0
3,3,0x57004a00,3,0
;
1,2,2,0,2
2,1,0,2,2,2
2,2,13,2,0,2
2,7,0,2,?,2
3,0,0x57004a00,0,0
3,1,0x57004a00,2,0
;
1,2,0,2,2
2,5,2,?,2,0
2,7,2,2,2,0
2,8,2,0,2,13
3,0,0x57004a00,3,0
3,7,0x57004a00,1,0

;DxO entry of intersection
1,11,2,0,2
2,1,0,0,11,?
2,3,0,2,2,2
2,4,2,2,0,2
3,0,0x57004a00,2,1
3,1,0x57000200,0,0
;
1,2,11,2,0
2,3,?,0,0,11
2,5,2,0,2,2
2,6,2,2,2,0
3,0,0x57004a00,1,1
3,3,0x57000200,1,0
;
1,0,2,11,2
2,5,11,?,0,0
2,7,2,2,0,2
2,8,0,2,2,2
3,0,0x57004a00,0,1
3,5,0x57000200,2,0
;
1,2,0,2,11
2,1,2,2,2,0
2,2,2,0,2,2
2,7,0,11,?,0
3,0,0x57004a00,3,1
3,7,0x57000200,3,0
;
1,0,2,13,2
2,2,0,2,2,2
2,3,2,2,0,2
2,5,13,0,0,?
3,0,0x57004a00,2,0
3,5,0x57000200,1,0
;
1,2,13,2,0
2,1,2,0,2,2
2,3,0,0,?,13
2,8,2,2,2,0
3,0,0x57004a00,1,0
3,3,0x57000200,0,0
;
1,13,2,0,2
2,1,0,?,13,0
2,6,2,2,0,2
2,7,0,2,2,2
3,0,0x57004a00,0,0
3,1,0x57000200,3,0
;
1,2,0,2,13
2,4,2,0,2,2
2,5,2,2,2,0
2,7,?,13,0,0
3,0,0x57004a00,3,0
3,7,0x57000200,2,0

;-------------------------------
;------ DxD intersections ------
;-------------------------------
;the DxO cases are sufficiently covered above, which admits this
;catch-them-all solution, as everything else must be DxD.

;DxD four blended arms
1,11,2,13,0
2,1,0,0,11,?
2,2,0,?,13,0
2,3,13,0,11,2
2,4,11,?,0,0
2,5,13,0,0,?
3,0,0x5700aa00,2,0
3,1,0x57000200,0,0
3,2,0x57000200,3,0
3,3,0x5700aa00,0,0
3,4,0x57000200,2,0
3,5,0x57000200,1,0
;
1,0,11,2,13
2,3,?,0,0,11
2,4,0,0,?,13
2,5,2,13,0,11
2,6,0,11,?,0
2,7,?,13,0,0
3,0,0x5700aa00,3,0
3,3,0x57000200,1,0
3,4,0x57000200,0,0
3,5,0x5700aa00,1,0
3,6,0x57000200,3,0
3,7,0x57000200,2,0

;DxD three blended arms
1,11,2,13,0
2,1,0,0,11,?
2,2,11,2,2,0
2,3,2,0,11,2
2,4,11,?,0,0
2,5,13,0,0,?
3,0,0x5700aa00,2,0
3,1,0x57000200,0,0
3,3,0x5700aa00,0,0
3,4,0x57000200,2,0
3,5,0x57000200,1,0
;
1,0,11,2,13
2,3,?,0,0,11
2,4,0,11,2,2
2,5,2,2,0,11
2,6,0,11,?,0
2,7,?,13,0,0
3,0,0x5700aa00,3,0
3,3,0x57000200,1,0
3,5,0x5700aa00,1,0
3,6,0x57000200,3,0
3,7,0x57000200,2,0
;
1,13,0,11,2
2,1,0,?,13,0
2,5,11,?,0,0
2,6,2,0,11,2
2,7,11,2,2,0
2,8,0,0,11,?
3,0,0x5700aa00,0,0
3,1,0x57000200,3,0
3,5,0x57000200,2,0
3,7,0x5700aa00,2,0
3,8,0x57000200,0,0
;
1,2,13,0,11
2,1,0,11,2,2
2,2,?,0,0,11
2,3,0,0,?,13
2,7,0,11,?,0
2,8,2,2,0,11
3,0,0x5700aa00,1,0
3,1,0x5700aa00,3,0
3,2,0x57000200,1,0
3,3,0x57000200,0,0
3,7,0x57000200,3,0
;
1,11,2,13,0
2,1,0,0,11,?
2,2,0,?,13,0
2,3,13,0,2,2
2,4,2,2,13,0
2,5,13,0,0,?
3,0,0x5700aa00,2,0
3,1,0x57000200,0,0
3,2,0x57000200,3,0
3,3,0x5700aa00,0,0
3,5,0x57000200,1,0
;
1,2,13,0,11
2,1,0,2,2,13
2,2,2,13,0,2
2,3,0,0,?,13
2,7,0,11,?,0
2,8,?,13,0,0
3,0,0x5700aa00,1,0
3,1,0x5700aa00,3,0
3,3,0x57000200,0,0
3,7,0x57000200,3,0
3,8,0x57000200,2,0
;
1,13,0,11,2
2,1,0,?,13,0
2,5,11,?,0,0
2,6,13,0,0,?
2,7,2,2,13,0
2,8,13,0,2,2
3,0,0x5700aa00,0,0
3,1,0x57000200,3,0
3,5,0x57000200,2,0
3,6,0x57000200,1,0
3,7,0x5700aa00,2,0
;
1,0,11,2,13
2,3,?,0,0,11
2,4,0,0,?,13
2,5,2,13,0,2
2,6,0,2,2,13
2,7,?,13,0,0
3,0,0x5700aa00,3,0
3,3,0x57000200,1,0
3,4,0x57000200,0,0
3,5,0x5700aa00,1,0
3,7,0x57000200,2,0

;DxD two blended arms (cis1)
1,11,2,13,0
2,1,0,0,11,?
2,2,11,2,2,0
2,3,2,0,2,2
2,4,2,2,13,0
2,5,13,0,0,?
3,0,0x5700aa00,2,0
3,1,0x57000200,0,0
3,3,0x5700aa00,0,0
3,5,0x57000200,1,0
;
1,0,11,2,13
2,3,?,0,0,11
2,4,0,11,2,2
2,5,2,2,0,2
2,6,0,2,2,13
2,7,?,13,0,0
3,0,0x5700aa00,3,0
3,3,0x57000200,1,0
3,5,0x5700aa00,1,0
3,7,0x57000200,2,0
;
1,13,0,11,2
2,1,0,?,13,0
2,5,11,?,0,0
2,6,2,0,11,2
2,7,2,2,2,0
2,8,13,0,2,2
3,0,0x5700aa00,0,0
3,1,0x57000200,3,0
3,5,0x57000200,2,0
3,7,0x5700aa00,2,0
;
1,2,13,0,11
2,1,0,2,2,2
2,2,2,13,0,2
2,3,0,0,?,13
2,7,0,11,?,0
2,8,2,2,0,11
3,0,0x5700aa00,1,0
3,1,0x5700aa00,3,0
3,3,0x57000200,0,0
3,7,0x57000200,3,0

;DxD two blended arms (cis2)
1,2,2,13,0
2,1,2,0,2,2
2,2,2,2,2,0
2,3,2,0,11,2
2,4,11,?,0,0
2,5,13,0,0,?
3,0,0x5700aa00,2,0
3,3,0x5700aa00,0,0
3,4,0x57000200,2,0
3,5,0x57000200,1,0
;
1,0,2,2,13
2,3,2,2,0,2
2,4,0,2,2,2
2,5,2,2,0,11
2,6,0,11,?,0
2,7,?,13,0,0
3,0,0x5700aa00,3,0
3,5,0x5700aa00,1,0
3,6,0x57000200,3,0
3,7,0x57000200,2,0
;
1,13,0,2,2
2,1,0,?,13,0
2,5,2,2,2,0
2,6,2,0,2,2
2,7,11,2,2,0
2,8,0,0,11,?
3,0,0x5700aa00,0,0
3,1,0x57000200,3,0
3,7,0x5700aa00,2,0
3,8,0x57000200,0,0
;
1,2,13,0,2
2,1,0,11,2,2
2,2,?,0,0,11
2,3,0,0,?,13
2,7,0,2,2,2
2,8,2,2,0,2
3,0,0x5700aa00,1,0
3,1,0x5700aa00,3,0
3,2,0x57000200,1,0
3,3,0x57000200,0,0

;DxD two blended arms (trans)
1,11,2,2,0
2,1,0,0,11,?
2,2,11,2,2,0
2,3,2,0,11,2
2,4,11,?,0,0
2,5,2,0,11,2
3,0,0x5700aa00,2,0
3,1,0x57000200,0,0
3,3,0x5700aa00,0,0
3,4,0x57000200,2,0
;
1,0,11,2,2
2,3,?,0,0,11
2,4,0,11,2,2
2,5,2,2,0,11
2,6,0,11,?,0
2,7,2,2,0,11
3,0,0x5700aa00,3,0
3,3,0x57000200,1,0
3,5,0x5700aa00,1,0
3,6,0x57000200,3,0
;
1,2,2,13,0
2,1,13,0,2,2
2,2,0,?,13,0
2,3,13,0,2,2
2,4,2,2,13,0
2,5,13,0,0,?
3,0,0x5700aa00,2,0
3,2,0x57000200,3,0
3,3,0x5700aa00,0,0
3,5,0x57000200,1,0
;
1,2,13,0,2
2,1,0,2,2,13
2,2,2,13,0,2
2,3,0,0,?,13
2,7,0,2,2,13
2,8,?,13,0,0
3,0,0x5700aa00,1,0
3,1,0x5700aa00,3,0
3,3,0x57000200,0,0
3,8,0x57000200,2,0

;DxD one blended arm
1,11,2,2,0
2,1,0,0,11,?
2,2,11,2,2,0
2,3,2,0,2,2
2,4,2,2,2,0
2,5,2,0,2,2
3,0,0x5700aa00,2,0
3,1,0x57000200,0,0
3,3,0x5700aa00,0,0
;
1,0,11,2,2
2,3,?,0,0,11
2,4,0,11,2,2
2,5,2,2,0,2
2,6,0,2,2,2
2,7,2,2,0,2
3,0,0x5700aa00,3,0
3,3,0x57000200,1,0
3,5,0x5700aa00,1,0
;
1,2,0,11,2
2,1,2,2,2,0
2,5,11,?,0,0
2,6,2,0,11,2
2,7,2,2,2,0
2,8,2,0,2,2
3,0,0x5700aa00,0,0
3,5,0x57000200,2,0
3,7,0x5700aa00,2,0
;
1,2,2,0,11
2,1,0,2,2,2
2,2,2,2,0,2
2,3,0,2,2,2
2,7,0,11,?,0
2,8,2,2,0,11
3,0,0x5700aa00,1,0
3,1,0x5700aa00,3,0
3,7,0x57000200,3,0
;
1,2,2,13,0
2,1,2,0,2,2
2,2,2,2,2,0
2,3,2,0,2,2
2,4,2,2,13,0
2,5,13,0,0,?
3,0,0x5700aa00,2,0
3,3,0x5700aa00,0,0
3,5,0x57000200,1,0
;
1,2,13,0,2
2,1,0,2,2,2
2,2,2,13,0,2
2,3,0,0,?,13
2,7,0,2,2,2
2,8,2,2,0,2
3,0,0x5700aa00,1,0
3,1,0x5700aa00,3,0
3,3,0x57000200,0,0
;
1,13,0,2,2
2,1,0,?,13,0
2,5,2,2,2,0
2,6,2,0,2,2
2,7,2,2,2,0
2,8,13,0,2,2
3,0,0x5700aa00,0,0
3,1,0x57000200,3,0
3,7,0x5700aa00,2,0
;
1,0,2,2,13
2,3,2,2,0,2
2,4,0,2,2,2
2,5,2,2,0,2
2,6,0,2,2,13
2,7,?,13,0,0
3,0,0x5700aa00,3,0
3,5,0x5700aa00,1,0
3,7,0x57000200,2,0

;DxD zero blended arms
1,2,2,2,0
2,1,2,0,2,2
2,2,2,2,2,0
2,3,2,0,2,2
2,4,2,2,2,0
2,5,2,0,2,2
3,0,0x5700aa00,2,0
3,3,0x5700aa00,0,0
;
1,0,2,2,2
2,3,2,2,0,2
2,4,0,2,2,2
2,5,2,2,0,2
2,6,0,2,2,2
2,7,2,2,0,2
3,0,0x5700aa00,3,0
3,5,0x5700aa00,1,0
