;------------------------------------------
;------ FlexFly 45 diagonal end tile ------
;------------------------------------------

;FlexFly 45 diagonal end tile - orth stub to diagonal
1,0,2,13,0
2,3,4,4,2,4
2,5,13,0,0,?
3,0,0x57000200,3,0
3,5,0x57000200,1,0
;
1,0,0,2,13
2,5,4,4,4,2
2,7,?,13,0,0
3,0,0x57000200,0,0
3,7,0x57000200,2,0
;
1,13,0,0,2
2,1,0,?,13,0
2,7,2,4,4,4
3,0,0x57000200,1,0
3,1,0x57000200,3,0
;
1,2,13,0,0
2,1,4,2,4,4
2,3,0,0,?,13
3,0,0x57000200,2,0
3,3,0x57000200,0,0
;
1,11,2,0,0
2,1,0,0,11,?
2,3,2,4,4,4
3,0,0x57000200,2,0
3,1,0x57000200,0,0
;
1,2,0,0,11
2,1,4,4,4,2
2,7,0,11,?,0
3,0,0x57000200,1,0
3,7,0x57000200,3,0
;
1,0,0,11,2
2,5,11,?,0,0
2,7,4,4,2,4
3,0,0x57000200,0,0
3,5,0x57000200,2,0
;
1,0,11,2,0
2,3,?,0,0,11
2,5,4,2,4,4
3,0,0x57000200,3,0
3,3,0x57000200,1,0

;FlexFly 45 diagonal end tile - single network WE
1,2,2,2,0
2,3,4,4,2,4
2,5,2,0,2,11
2,6,0,11,?,0
3,0,0x57004a00,1,1
3,5,0x57004a00,3,1
3,6,0x57000200,3,0
;
1,0,2,2,2
2,5,4,4,4,2
2,7,11,2,0,2
2,8,0,0,11,?
3,0,0x57004a00,0,1
3,7,0x57004a00,2,1
3,8,0x57000200,0,0
;
1,2,0,2,2
2,1,2,11,2,0
2,2,?,0,0,11
2,7,2,4,4,4
3,0,0x57004a00,3,1
3,1,0x57004a00,1,1
3,2,0x57000200,1,0
;
1,2,2,0,2
2,1,4,2,4,4
2,3,0,2,11,2
2,4,11,?,0,0
3,0,0x57004a00,2,1
3,3,0x57004a00,0,1
3,4,0x57000200,2,0
;
1,2,2,2,0
2,1,2,0,2,13
2,3,2,4,4,4
2,8,?,13,0,0
3,0,0x57004a00,1,0
3,1,0x57004a00,3,0
3,8,0x57000200,2,0
;
1,2,2,0,2
2,1,4,4,4,2
2,6,13,0,0,?
2,7,0,2,13,2
3,0,0x57004a00,0,0
3,6,0x57000200,1,0
3,7,0x57004a00,2,0
;
1,2,0,2,2
2,4,0,0,?,13
2,5,2,13,2,0
2,7,4,4,2,4
3,0,0x57004a00,3,0
3,4,0x57000200,0,0
3,5,0x57004a00,1,0
;
1,0,2,2,2
2,2,0,?,13,0
2,3,13,2,0,2
2,5,4,2,4,4
3,0,0x57004a00,2,0
3,2,0x57000200,3,0
3,3,0x57004a00,0,0

;FlexFly 45 diagonal end tile - multiple networks WE
1,2,2,2,0
2,3,4,4,2,4
2,5,2,0,2,2
2,6,2,2,2,0
3,0,0x57004a00,1,1
;
1,0,2,2,2
2,5,4,4,4,2
2,7,2,2,0,2
2,8,0,2,2,2
3,0,0x57004a00,0,1
;
1,2,0,2,2
2,1,2,2,2,0
2,2,2,0,2,2
2,7,2,4,4,4
3,0,0x57004a00,3,1
;
1,2,2,0,2
2,1,4,2,4,4
2,3,0,2,2,2
2,4,2,2,0,2
3,0,0x57004a00,2,1
;
1,2,2,2,0
2,1,2,0,2,2
2,3,2,4,4,4
2,8,2,2,2,0
3,0,0x57004a00,1,0
;
1,2,2,0,2
2,1,4,4,4,2
2,6,2,2,0,2
2,7,0,2,2,2
3,0,0x57004a00,0,0
;
1,2,0,2,2
2,4,2,0,2,2
2,5,2,2,2,0
2,7,4,4,2,4
3,0,0x57004a00,3,0
;
1,0,2,2,2
2,2,0,2,2,2
2,3,2,2,0,2
2,5,4,2,4,4
3,0,0x57004a00,2,0

;FlexFly 45 diagonal end tile - single network NS
1,0,2,13,2
2,3,4,4,2,4
2,5,13,0,0,?
3,0,0x57004a00,2,0
3,5,0x57000200,1,0
;
1,2,0,2,13
2,5,4,4,4,2
2,7,?,13,0,0
3,0,0x57004a00,3,0
3,7,0x57000200,2,0
;
1,13,2,0,2
2,1,0,?,13,0
2,7,2,4,4,4
3,0,0x57004a00,0,0
3,1,0x57000200,3,0
;
1,2,13,2,0
2,1,4,2,4,4
2,3,0,0,?,13
3,0,0x57004a00,1,0
3,3,0x57000200,0,0
;
1,11,2,0,2
2,1,0,0,11,?
2,3,2,4,4,4
3,0,0x57004a00,2,1
3,1,0x57000200,0,0
;
1,2,0,2,11
2,1,4,4,4,2
2,7,0,11,?,0
3,0,0x57004a00,3,1
3,7,0x57000200,3,0
;
1,0,2,11,2
2,5,11,?,0,0
2,7,4,4,2,4
3,0,0x57004a00,0,1
3,5,0x57000200,2,0
;
1,2,11,2,0
2,3,?,0,0,11
2,5,4,2,4,4
3,0,0x57004a00,1,1
3,3,0x57000200,1,0

;FlexFly 45 diagonal end tile - multiple networks NS
1,0,2,2,2
2,3,4,4,2,4
2,5,2,2,0,2
3,0,0x57004a00,2,0
3,5,0x57004a00,0,0
;
1,2,0,2,2
2,5,4,4,4,2
2,7,2,2,2,0
3,0,0x57004a00,3,0
3,7,0x57004a00,1,0
;
1,2,2,0,2
2,1,0,2,2,2
2,7,2,4,4,4
3,0,0x57004a00,0,0
3,1,0x57004a00,2,0
;
1,2,2,2,0
2,1,4,2,4,4
2,3,2,0,2,2
3,0,0x57004a00,1,0
3,3,0x57004a00,3,0
;
1,2,2,0,2
2,1,0,2,2,2
2,3,2,4,4,4
3,0,0x57004a00,2,1
3,1,0x57004a00,0,1
;
1,2,0,2,2
2,1,4,4,4,2
2,7,2,2,2,0
3,0,0x57004a00,3,1
3,7,0x57004a00,1,1
;
1,0,2,2,2
2,5,2,2,0,2
2,7,4,4,2,4
3,0,0x57004a00,0,1
3,5,0x57004a00,2,1
;
1,2,2,2,0
2,3,2,0,2,2
2,5,4,2,4,4
3,0,0x57004a00,1,1
3,3,0x57004a00,3,1

;FlexFly 45 diagonal end tile - forming S curve
1,0,2,2,0
2,3,4,4,2,4
2,5,2,0,0,2
2,6,2,4,4,4
3,0,0x57000200,3,0
3,5,0x57000200,1,0
;
1,0,0,2,2
2,5,4,4,4,2
2,7,2,2,0,0
2,8,4,2,4,4
3,0,0x57000200,0,0
3,7,0x57000200,2,0
;
1,2,2,0,0
2,1,0,0,2,2
2,3,2,4,4,4
2,8,4,4,2,4
3,0,0x57000200,2,0
3,1,0x57000200,0,0
;
1,0,2,2,0
2,2,4,4,4,2
2,3,2,0,0,2
2,5,4,2,4,4
3,0,0x57000200,3,0
3,3,0x57000200,1,0

;FlexFly 45 diagonal end tile - forming 90 curve
1,0,2,2,0
2,3,4,4,2,4
2,5,4,2,4,4
3,0,0x57000200,3,0
;
1,0,0,2,2
2,5,4,4,4,2
2,7,4,4,2,4
3,0,0x57000200,0,0
;
1,2,0,0,2
2,1,4,4,4,2
2,7,2,4,4,4
3,0,0x57000200,1,0
;
1,2,2,0,0
2,1,4,2,4,4
2,3,2,4,4,4
3,0,0x57000200,2,0
