;MRC base INRULs
;---RHW-2 2X2 45Deg Curve---
;This is based off of the "kinked elbow", and was awkwardly shared with the pure 45-deg elbow
1,0,11,3,0
2,2,2,0,2,0
2,3,2,0,0,11
3,0,0x57905200,0,0
3,2,0x57905000,0,0
3,3,0x57905100,0,0
;
1,0,0,11,3
2,4,0,2,0,2
2,5,11,2,0,0
3,0,0x57905200,1,0
3,4,0x57905000,1,0
3,5,0x57905100,1,0
;
1,3,0,0,11
2,6,2,0,2,0
2,7,0,11,2,0
3,0,0x57905200,2,0
3,6,0x57905000,2,0
3,7,0x57905100,2,0
;
1,11,3,0,0
2,1,0,0,11,2
2,8,0,2,0,2
3,0,0x57905200,3,0
3,1,0x57905100,3,0
3,8,0x57905000,3,0
;
1,1,13,0,0
2,3,0,0,2,13
2,4,2,0,2,0
3,0,0x57905200,0,1
3,3,0x57905100,0,1
3,4,0x57905000,0,1
;
1,13,0,0,1
2,1,0,2,13,0
2,2,0,2,0,2
3,0,0x57905200,1,1
3,1,0x57905100,1,1
3,2,0x57905000,1,1
;
1,0,0,1,13
2,7,2,13,0,0
2,8,2,0,2,0
3,0,0x57905200,2,1
3,7,0x57905100,2,1
3,8,0x57905000,2,1
;
1,0,1,13,0
2,5,13,0,0,2
2,6,0,2,0,2
3,0,0x57905200,3,1
3,5,0x57905100,3,1
3,6,0x57905000,3,1
;
;---RHW-2 2X5 45Deg Curve---
;
1,2,0,13,2
2,1,2,0,2,0
2,5,13,0,0,1
2,6,2,1,3,0
2,7,0,2,2,0
2,18,3,0,0,1
3,0,0x57905500,0,0
3,1,0x57905400,0,0
3,5,0x57905700,0,0
3,6,0x57905800,0,0
3,7,0x57905600,0,0
3,18,0x57905900,0,0
;
1,2,2,0,13
2,1,0,0,2,2
2,3,0,2,0,2
2,7,1,13,0,0
2,8,0,2,1,3
2,22,1,3,0,0
3,0,0x57905500,1,0
3,1,0x57905600,1,0
3,3,0x57905400,1,0
3,7,0x57905700,1,0
3,8,0x57905800,1,0
3,22,0x57905900,1,0
;
1,13,2,2,0
2,1,0,1,13,0
2,2,3,0,2,1
2,3,2,0,0,2
2,5,2,0,2,0
2,10,0,1,3,0
3,0,0x57905500,2,0
3,1,0x57905700,2,0
3,2,0x57905800,2,0
3,3,0x57905600,2,0
3,5,0x57905400,2,0
3,10,0x57905900,2,0
;
1,0,13,2,2
2,3,0,0,1,13
2,4,1,3,0,2
2,5,2,2,0,0
2,7,0,2,0,2
2,14,0,0,1,3
3,0,0x57905500,3,0
3,3,0x57905700,3,0
3,4,0x57905800,3,0
3,5,0x57905600,3,0
3,7,0x57905400,3,0
3,14,0x57905900,3,0
;
1,11,0,2,2
2,1,0,0,11,3
2,5,2,0,2,0
2,7,2,2,0,0
2,8,1,3,2,0
2,24,0,0,1,3
3,0,0x57905500,0,1
3,1,0x57905700,0,1
3,5,0x57905400,0,1
3,7,0x57905600,0,1
3,8,0x57905800,0,1
3,24,0x57905900,0,1
;
1,0,2,2,11
2,3,0,2,0,2
2,5,2,0,0,2
2,6,3,2,0,1
2,7,0,11,3,0
2,20,0,1,3,0
3,0,0x57905500,1,1
3,3,0x57905400,1,1
3,5,0x57905600,1,1
3,6,0x57905800,1,1
3,7,0x57905700,1,1
3,20,0x57905900,1,1
;
1,2,2,11,0
2,1,2,0,2,0
2,3,0,0,2,2
2,4,2,0,1,3
2,5,11,3,0,0
2,16,1,3,0,0
3,0,0x57905500,2,1
3,1,0x57905400,2,1
3,3,0x57905600,2,1
3,4,0x57905800,2,1
3,5,0x57905700,2,1
3,16,0x57905900,2,1
;
1,2,11,0,2
2,1,0,2,2,0
2,2,0,1,3,2
2,3,3,0,0,11
2,7,0,2,0,2
2,12,3,0,0,1
3,0,0x57905500,3,1
3,1,0x57905600,3,1
3,2,0x57905800,3,1
3,3,0x57905700,3,1
3,7,0x57905400,3,1
3,12,0x57905900,3,1
;
;---RHW-2 3X6 45Deg Curve---
;
1,0,2,2,0
2,2,2,0,2,0
2,3,2,0,13,2
2,4,13,0,0,11
2,5,2,11,2,0
2,10,2,0,2,0
2,17,2,0,0,11
2,18,0,11,3,0
3,0,0x57906400,0,0
3,2,0x57906100,0,0
3,3,0x57906200,0,0
3,4,0x57906300,0,0
3,10,0x57906000,0,0
;
1,0,0,2,2
2,4,0,2,0,2
2,5,2,2,0,13
2,6,11,13,0,0
2,7,0,2,11,2
2,14,0,2,0,2
2,21,11,2,0,0
2,22,0,0,11,3
3,0,0x57906400,1,0
3,4,0x57906100,1,0
3,5,0x57906200,1,0
3,6,0x57906300,1,0
3,14,0x57906000,1,0
;
1,2,0,0,2
2,1,2,0,2,11
2,6,2,0,2,0
2,7,13,2,2,0
2,8,0,11,13,0
2,9,0,11,2,0
2,10,3,0,0,11
2,18,2,0,2,0
3,0,0x57906400,2,0
3,6,0x57906100,2,0
3,7,0x57906200,2,0
3,8,0x57906300,2,0
3,18,0x57906000,2,0
;
1,2,2,0,0
2,1,0,13,2,2
2,2,0,0,11,13
2,3,11,2,0,2
2,8,0,2,0,2
2,13,0,0,11,2
2,14,11,3,0,0
2,22,0,2,0,2
3,0,0x57906400,3,0
3,1,0x57906200,3,0
3,2,0x57906300,3,0
3,8,0x57906100,3,0
3,22,0x57906000,3,0
;
1,2,2,0,0
2,1,2,13,2,0
2,2,0,0,11,13
2,3,11,0,2,2
2,4,2,0,2,0
2,9,0,0,2,13
2,16,2,0,2,0
2,24,1,13,0,0
3,0,0x57906400,0,1
3,2,0x57906300,0,1
3,3,0x57906200,0,1
3,4,0x57906100,0,1
3,16,0x57906000,0,1
;
1,2,0,0,2
2,1,0,2,2,11
2,2,0,2,0,2
2,7,13,2,0,2
2,8,0,11,13,0
2,12,0,2,0,2
2,20,13,0,0,1
2,21,0,2,13,0
3,0,0x57906400,1,1
3,1,0x57906200,1,1
3,2,0x57906100,1,1
3,8,0x57906300,1,1
3,12,0x57906000,1,1
;
1,0,0,2,2
2,5,2,0,2,13
2,6,11,13,0,0
2,7,2,2,11,0
2,8,2,0,2,0
2,16,0,0,1,13
2,17,2,13,0,0
2,24,2,0,2,0
3,0,0x57906400,2,1
3,6,0x57906300,2,1
3,7,0x57906200,2,1
3,8,0x57906100,2,1
3,24,0x57906000,2,1
;
1,0,2,2,0
2,3,0,2,13,2
2,4,13,0,0,11
2,5,2,11,0,2
2,6,0,2,0,2
2,12,0,1,13,0
2,13,13,0,0,2
2,20,0,2,0,2
3,0,0x57906400,3,1
3,4,0x57906300,3,1
3,5,0x57906200,3,1
3,6,0x57906100,3,1
3,20,0x57906000,3,1
;
;Half_2
;
1,2,11,2,0
2,1,0,2,2,0
2,2,2,0,13,2
2,3,13,0,0,11
2,5,2,0,0,11
2,6,0,11,3,0
2,10,2,0,2,0
2,18,3,0,0,1
3,0,0x57906500,0,0
3,5,0x57906600,0,0
3,6,0x57906700,0,0
3,18,0x57906800,0,0
;
1,0,2,11,2
2,3,0,0,2,2
2,4,2,2,0,13
2,5,11,13,0,0
2,7,11,2,0,0
2,8,0,0,11,3
2,14,0,2,0,2
2,22,1,3,0,0
3,0,0x57906500,1,0
3,7,0x57906600,1,0
3,8,0x57906700,1,0
3,22,0x57906800,1,0
;
1,2,0,2,11
2,1,0,11,2,0
2,2,3,0,0,11
2,5,2,0,0,2
2,6,13,2,2,0
2,7,0,11,13,0
2,10,0,1,3,0
2,18,2,0,2,0
3,0,0x57906500,2,0
3,1,0x57906600,2,0
3,2,0x57906700,2,0
3,10,0x57906800,2,0
;
1,11,2,0,2
2,1,0,0,11,13
2,3,0,0,11,2
2,4,11,3,0,0
2,7,2,2,0,0
2,8,0,13,2,2
2,14,0,0,1,3
2,22,0,2,0,2
3,0,0x57906500,3,0
3,3,0x57906600,3,0
3,4,0x57906700,3,0
3,14,0x57906800,3,0
;
1,2,13,2,0
2,1,0,0,2,13
2,3,0,0,11,13
2,4,11,0,2,2
2,5,2,2,0,0
2,8,1,13,0,0
2,16,2,0,2,0
2,24,0,0,1,3
3,0,0x57906500,0,1
3,1,0x57906600,0,1
3,8,0x57906700,0,1
3,24,0x57906800,0,1
;
1,13,2,0,2
2,1,0,11,13,0
2,2,0,2,2,11
2,3,2,0,0,2
2,6,13,0,0,1
2,7,0,2,13,0
2,12,0,2,0,2
2,20,0,1,3,0
3,0,0x57906500,1,1
3,6,0x57906700,1,1
3,7,0x57906600,1,1
3,20,0x57906800,1,1
;
1,2,0,2,13
2,1,0,0,2,2
2,4,0,0,1,13
2,5,2,13,0,0
2,7,11,13,0,0
2,8,2,2,11,0
2,16,1,3,0,0
2,24,2,0,2,0
3,0,0x57906500,2,1
3,4,0x57906700,2,1
3,5,0x57906600,2,1
3,16,0x57906800,2,1
;
1,0,2,13,2
2,2,0,1,13,0
2,3,13,0,0,2
2,5,13,0,0,11
2,6,2,11,0,2
2,7,0,2,2,0
2,12,3,0,0,1
2,20,0,2,0,2
3,0,0x57906500,3,1
3,2,0x57906700,3,1
3,3,0x57906600,3,1
3,12,0x57906800,3,1
;
;---RHW-2 3X6 45Deg Curve Flex Piece---
;
;Section 1
;
1,0,2,4,0
2,2,2,0,2,0
2,3,2,0,2,2
2,4,2,0,0,4
2,5,4,4,4,0
2,10,2,0,2,0
2,17,4,0,0,1
2,18,0,1,3,0
3,0,0x57906400,0,0
3,2,0x57906100,0,0
3,3,0x57906200,0,0
3,4,0x57906300,0,0
3,10,0x57906000,0,0
;
1,0,0,2,4
2,4,0,2,0,2
2,5,2,2,0,2
2,6,4,2,0,0
2,7,0,4,4,4
2,14,0,2,0,2
2,21,1,4,0,0
2,22,0,0,1,3
3,0,0x57906400,1,0
3,4,0x57906100,1,0
3,5,0x57906200,1,0
3,6,0x57906300,1,0
3,14,0x57906000,1,0
;
1,4,0,0,2
2,1,4,0,4,4
2,6,2,0,2,0
2,7,2,2,2,0
2,8,0,4,2,0
2,9,0,1,4,0
2,10,3,0,0,1
2,18,2,0,2,0
3,0,0x57906400,2,0
3,6,0x57906100,2,0
3,7,0x57906200,2,0
3,8,0x57906300,2,0
3,18,0x57906000,2,0
;
1,2,4,0,0
2,1,0,2,2,2
2,2,0,0,4,2
2,3,4,4,0,4
2,8,0,2,0,2
2,13,0,0,1,4
2,14,1,3,0,0
2,22,0,2,0,2
3,0,0x57906400,3,0
3,1,0x57906200,3,0
3,2,0x57906300,3,0
3,8,0x57906100,3,0
3,22,0x57906000,3,0
;
1,4,2,0,0
2,1,4,4,4,0
2,2,0,0,2,4
2,3,2,0,2,2
2,4,2,0,2,0
2,9,0,0,4,3
2,16,2,0,2,0
2,24,1,3,0,0
3,0,0x57906400,0,1
3,2,0x57906300,0,1
3,3,0x57906200,0,1
3,4,0x57906100,0,1
3,16,0x57906000,0,1
;
1,2,0,0,4
2,1,0,2,2,2
2,2,0,2,0,2
2,7,4,4,0,4
2,8,0,2,4,0
2,12,0,2,0,2
2,20,3,0,0,1
2,21,0,4,3,0
3,0,0x57906400,1,1
3,1,0x57906200,1,1
3,2,0x57906100,1,1
3,8,0x57906300,1,1
3,12,0x57906000,1,1
;
1,0,0,4,2
2,5,4,0,4,4
2,6,2,4,0,0
2,7,2,2,2,0
2,8,2,0,2,0
2,16,0,0,1,3
2,17,4,3,0,0
2,24,2,0,2,0
3,0,0x57906400,2,1
3,6,0x57906300,2,1
3,7,0x57906200,2,1
3,8,0x57906100,2,1
3,24,0x57906000,2,1
;
1,0,4,2,0
2,3,0,4,4,4
2,4,4,0,0,2
2,5,2,2,0,2
2,6,0,2,0,2
2,12,0,1,3,0
2,13,3,0,0,4
2,20,0,2,0,2
3,0,0x57906400,3,1
3,4,0x57906300,3,1
3,5,0x57906200,3,1
3,6,0x57906100,3,1
3,20,0x57906000,3,1
;
;Section 2
;
1,4,4,4,0
2,1,0,2,4,0
2,2,2,0,2,2
2,3,2,0,0,4
2,5,4,0,0,1
2,6,0,1,3,0
2,10,2,0,2,0
2,18,3,0,0,1
3,0,0x57906500,0,0
3,5,0x57906600,0,0
3,6,0x57906700,0,0
3,18,0x57906800,0,0
;
1,0,4,4,4
2,3,0,0,2,4
2,4,2,2,0,2
2,5,4,2,0,0
2,7,1,4,0,0
2,8,0,0,1,3
2,14,0,2,0,2
2,22,1,3,0,0
3,0,0x57906500,1,0
3,7,0x57906600,1,0
3,8,0x57906700,1,0
3,22,0x57906800,1,0
;
1,4,0,4,4
2,1,0,1,4,0
2,2,3,0,0,1
2,5,4,0,0,2
2,6,2,2,2,0
2,7,0,4,2,0
2,10,0,1,3,0
2,18,2,0,2,0
3,0,0x57906500,2,0
3,1,0x57906600,2,0
3,2,0x57906700,2,0
3,10,0x57906800,2,0
;
1,4,4,0,4
2,1,0,0,4,2
2,3,0,0,1,4
2,4,1,3,0,0
2,7,2,4,0,0
2,8,0,2,2,2
2,14,0,0,1,3
2,22,0,2,0,2
3,0,0x57906500,3,0
3,3,0x57906600,3,0
3,4,0x57906700,3,0
3,14,0x57906800,3,0
;
1,4,4,4,0
2,1,0,0,4,3
2,3,0,0,2,4
2,4,2,0,2,2
2,5,4,2,0,0
2,8,1,3,0,0
2,16,2,0,2,0
2,24,0,0,1,3
3,0,0x57906500,0,1
3,1,0x57906600,0,1
3,8,0x57906700,0,1
3,24,0x57906800,0,1
;
1,4,4,0,4
2,1,0,2,4,0
2,2,0,2,2,2
2,3,2,0,0,4
2,6,3,0,0,1
2,7,0,4,3,0
2,12,0,2,0,2
2,20,0,1,3,0
3,0,0x57906500,1,1
3,6,0x57906700,1,1
3,7,0x57906600,1,1
3,20,0x57906800,1,1
;
1,4,0,4,4
2,1,0,0,4,2
2,4,0,0,1,3
2,5,4,3,0,0
2,7,2,4,0,0
2,8,2,2,2,0
2,16,1,3,0,0
2,24,2,0,2,0
3,0,0x57906500,2,1
3,4,0x57906700,2,1
3,5,0x57906600,2,1
3,16,0x57906800,2,1
;
1,0,4,4,4
2,2,0,1,3,0
2,3,3,0,0,4
2,5,4,0,0,2
2,6,2,2,0,2
2,7,0,4,2,0
2,12,3,0,0,1
2,20,0,2,0,2
3,0,0x57906500,3,1
3,2,0x57906700,3,1
3,3,0x57906600,3,1
3,12,0x57906800,3,1
;
;90_R2_Flex_Ends
;
1,2,4,4,0
2,1,0,4,2,0
2,2,2,0,2,4
2,3,2,0,0,4
2,5,4,0,0,4
2,10,2,0,2,0
3,0,0x57905800,0,0
3,1,0x57905600,0,0
3,2,0x57905500,0,0
3,3,0x57905700,0,0
3,10,0x57905400,0,0
;
1,0,2,4,4
2,3,0,0,4,2
2,4,4,2,0,2
2,5,4,2,0,0
2,7,4,4,0,0
2,14,0,2,0,2
3,0,0x57905800,1,0
3,3,0x57905600,1,0
3,4,0x57905500,1,0
3,5,0x57905700,1,0
3,14,0x57905400,1,0
;
1,4,0,2,4
2,1,0,4,4,0
2,5,2,0,0,4
2,6,2,4,2,0
2,7,0,4,2,0
2,18,2,0,2,0
3,0,0x57905800,2,0
3,5,0x57905600,2,0
3,6,0x57905500,2,0
3,7,0x57905700,2,0
3,18,0x57905400,2,0
;
1,4,4,0,2
2,1,0,0,4,2
2,3,0,0,4,4
2,7,4,2,0,0
2,8,0,2,4,2
2,22,0,2,0,2
3,0,0x57905800,3,0
3,1,0x57905700,3,0
3,7,0x57905600,3,0
3,8,0x57905500,3,0
3,22,0x57905400,3,0
;
1,4,4,2,0
2,1,0,0,4,4
2,3,0,0,2,4
2,4,2,0,2,4
2,5,2,4,0,0
2,16,2,0,2,0
3,0,0x57905800,0,1
3,3,0x57905700,0,1
3,4,0x57905500,0,1
3,5,0x57905600,0,1
3,16,0x57905400,0,1
;
1,4,2,0,4
2,1,0,2,4,0
2,2,0,2,4,2
2,3,4,0,0,2
2,7,0,4,4,0
2,12,0,2,0,2
3,0,0x57905800,1,1
3,1,0x57905700,1,1
3,2,0x57905500,1,1
3,3,0x57905600,1,1
3,12,0x57905400,1,1
;
1,2,0,4,4
2,1,0,0,2,4
2,5,4,4,0,0
2,7,2,4,0,0
2,8,2,4,2,0
2,24,2,0,2,0
3,0,0x57905800,2,1
3,1,0x57905600,2,1
3,7,0x57905700,2,1
3,8,0x57905500,2,1
3,24,0x57905400,2,1
;
1,0,4,4,2
2,3,4,0,0,4
2,5,4,0,0,2
2,6,4,2,0,2
2,7,0,2,4,0
2,20,0,2,0,2
3,0,0x57905800,3,1
3,5,0x57905700,3,1
3,6,0x57905500,3,1
3,7,0x57905600,3,1
3,20,0x57905400,3,1
;
;Centre
;
1,4,0,0,4
2,1,2,4,4,0
2,7,0,4,4,2
3,0,0x57905A00,0,0
;
1,4,4,0,0
2,1,2,0,4,4
2,3,0,2,4,4
3,0,0x57905A00,1,0
;
1,0,4,4,0
2,3,4,2,0,4
2,5,4,0,2,4
3,0,0x57905A00,2,0
;
1,0,0,4,4
2,5,4,4,2,0
2,7,4,4,0,2
3,0,0x57905A00,3,0
;
;-45_Degree_Flex
;
1,2,4,4,0
2,1,0,4,2,0
2,2,2,0,2,4
2,3,2,0,0,4
2,5,4,0,0,1
2,10,2,0,2,0
3,0,0x57905800,0,0
3,1,0x57905600,0,0
3,2,0x57905500,0,0
3,3,0x57905700,0,0
3,5,0x57905900,0,0
3,10,0x57905400,0,0
;
1,0,2,4,4
2,3,0,0,4,2
2,4,4,2,0,2
2,5,4,2,0,0
2,7,1,4,0,0
2,14,0,2,0,2
3,0,0x57905800,1,0
3,3,0x57905600,1,0
3,4,0x57905500,1,0
3,5,0x57905700,1,0
3,7,0x57905900,1,0
3,14,0x57905400,1,0
;
1,4,0,2,4
2,1,0,1,4,0
2,5,2,0,0,4
2,6,2,4,2,0
2,7,0,4,2,0
2,18,2,0,2,0
3,0,0x57905800,2,0
3,1,0x57905900,2,0
3,5,0x57905600,2,0
3,6,0x57905500,2,0
3,7,0x57905700,2,0
3,18,0x57905400,2,0
;
1,4,4,0,2
2,1,0,0,4,2
2,3,0,0,1,4
2,7,4,2,0,0
2,8,0,2,4,2
2,22,0,2,0,2
3,0,0x57905800,3,0
3,1,0x57905700,3,0
3,3,0x57905900,3,0
3,7,0x57905600,3,0
3,8,0x57905500,3,0
3,22,0x57905400,3,0
;
1,4,4,2,0
2,1,0,0,4,3
2,3,0,0,2,4
2,4,2,0,2,4
2,5,2,4,0,0
2,16,2,0,2,0
3,0,0x57905800,0,1
3,1,0x57905900,0,1
3,3,0x57905700,0,1
3,4,0x57905500,0,1
3,5,0x57905600,0,1
3,16,0x57905400,0,1
;
1,4,2,0,4
2,1,0,2,4,0
2,2,0,2,4,2
2,3,4,0,0,2
2,7,0,4,3,0
2,12,0,2,0,2
3,0,0x57905800,1,1
3,1,0x57905700,1,1
3,2,0x57905500,1,1
3,3,0x57905600,1,1
3,7,0x57905900,1,1
3,12,0x57905400,1,1
;
1,2,0,4,4
2,1,0,0,2,4
2,5,4,3,0,0
2,7,2,4,0,0
2,8,2,4,2,0
2,24,2,0,2,0
3,0,0x57905800,2,1
3,1,0x57905600,2,1
3,5,0x57905900,2,1
3,7,0x57905700,2,1
3,8,0x57905500,2,1
3,24,0x57905400,2,1
;
1,0,4,4,2
2,3,3,0,0,4
2,5,4,0,0,2
2,6,4,2,0,2
2,7,0,2,4,0
2,20,0,2,0,2
3,0,0x57905800,3,1
3,3,0x57905900,3,1
3,5,0x57905700,3,1
3,6,0x57905500,3,1
3,7,0x57905600,3,1
3,20,0x57905400,3,1
;

