;-------------------------------

;extended 3-level OXDXD flexibility
; 2013/02/03 ~ memo
1,3,0,0,1
2,1,1,?,3,2
2,7,?,1,3,2
3,0,0x57004a00,0,0
;
1,1,3,0,0
2,1,2,?,1,3
2,3,2,1,?,3
3,0,0x57004a00,1,0
;
1,0,1,3,0
2,3,3,2,?,1
2,5,3,2,1,?
3,0,0x57004a00,2,0
;
1,0,0,1,3
2,5,1,3,2,?
2,7,?,3,2,1
3,0,0x57004a00,3,0
;
1,0,0,1,3
2,5,1,?,3,2
2,7,1,3,?,2
3,0,0x57004a00,0,1
;
1,0,1,3,0
2,3,?,3,2,1
2,5,3,?,2,1
3,0,0x57004a00,1,1
;
1,1,3,0,0
2,1,3,2,1,?
2,3,?,2,1,3
3,0,0x57004a00,2,1
;
1,3,0,0,1
2,1,2,1,3,?
2,7,2,1,?,3
3,0,0x57004a00,3,1

; 6-Way Batwing
1,2,13,2,11
2,1,2,11,2,13
2,2,3,0,0,11
2,3,0,0,1,13
2,7,0,11,3,0
2,8,1,13,0,0
3,0,0x5760D400,1,0
3,1,0x5760D400,3,0
3,2,0x57000200,1,0
3,3,0x57000200,0,0
3,7,0x57000200,3,0
3,8,0x57000200,2,0
;
1,13,2,11,2
2,1,0,1,13,0
2,5,11,3,0,0
2,6,13,0,0,1
2,7,11,2,13,2
2,8,0,0,11,3
3,0,0x5760D400,0,0
3,1,0x57000200,3,0
3,5,0x57000200,2,0
3,6,0x57000200,1,0
3,7,0x5760D400,2,0
3,8,0x57000200,0,0
